Vladan's antenna (theta phi g_theta arg_theta g_phi arg_phi) 
37 72
0 0 -7.699999999999999 0 -300 0
5 0 -18.9 0 -300 0
10 0 -14.399999999999999 0 -300 0
15 0 -6.3000001999999995 0 -300 0
20 0 -3.0 0 -300 0
25 0 -1.6999997999999996 0 -300 0
30 0 -1.4000000999999997 0 -300 0
35 0 -2.0999999000000003 0 -300 0
40 0 -2.8000002000000004 0 -300 0
45 0 -2.1999997999999996 0 -300 0
50 0 -0.9000001000000002 0 -300 0
55 0 -1.9000000999999997 0 -300 0
60 0 -6.100000400000001 0 -300 0
65 0 -5.399999599999999 0 -300 0
70 0 -2.9000000999999997 0 -300 0
75 0 -1.6999997999999996 0 -300 0
80 0 -1.6999997999999996 0 -300 0
85 0 -0.5 0 -300 0
90 0 3.0 0 -300 0
95 0 1.0 0 -300 0
100 0 1.8 0 -300 0
105 0 2.3000000099999998 0 -300 0
110 0 2.0 0 -300 0
115 0 1.3 0 -300 0
120 0 0.2999999999999998 0 -300 0
125 0 -0.9000001000000002 0 -300 0
130 0 -2.4000000999999997 0 -300 0
135 0 -4.8000002 0 -300 0
140 0 -5.5 0 -300 0
145 0 -4.5 0 -300 0
150 0 -3.6999997999999996 0 -300 0
155 0 -2.8000002000000004 0 -300 0
160 0 -2.1999997999999996 0 -300 0
165 0 -1.9000000999999997 0 -300 0
170 0 -2.4000000999999997 0 -300 0
175 0 -3.8000002000000004 0 -300 0
180 0 -6.8000001999999995 0 -300 0
0 5 -7.699999999999999 0 -300 0
5 5 -11.242374 0 -300 0
10 5 -10.378585 0 -300 0
15 5 -5.756154 0 -300 0
20 5 -2.9633523999999998 0 -300 0
25 5 -1.7432232 0 -300 0
30 5 -1.3984313000000004 0 -300 0
35 5 -1.9627192999999998 0 -300 0
40 5 -2.5409543 0 -300 0
45 5 -2.0009949000000002 0 -300 0
50 5 -0.8292804 0 -300 0
55 5 -1.6928789000000002 0 -300 0
60 5 -4.9251914 0 -300 0
65 5 -4.1987844 0 -300 0
70 5 -2.1804341999999997 0 -300 0
75 5 -1.0788067999999997 0 -300 0
80 5 -0.8219886999999999 0 -300 0
85 5 0.46339370000000013 0 -300 0
90 5 3.0 0 -300 0
95 5 1.4724604 0 -300 0
100 5 1.8990756 0 -300 0
105 5 2.29488913 0 -300 0
110 5 1.9882074 0 -300 0
115 5 1.2938573 0 -300 0
120 5 0.3067348000000001 0 -300 0
125 5 -0.8391940999999998 0 -300 0
130 5 -2.2283831000000003 0 -300 0
135 5 -4.3370242 0 -300 0
140 5 -4.9613391 0 -300 0
145 5 -4.1708497 0 -300 0
150 5 -3.5073983999999996 0 -300 0
155 5 -2.7479205 0 -300 0
160 5 -2.2681449999999996 0 -300 0
165 5 -2.0790087 0 -300 0
170 5 -2.6642080000000004 0 -300 0
175 5 -4.1299009 0 -300 0
180 5 -6.8000001999999995 0 -300 0
0 10 -7.699999999999999 0 -300 0
5 10 -9.404707 0 -300 0
10 10 -8.740439 0 -300 0
15 10 -5.3606769 0 -300 0
20 10 -2.9340995999999997 0 -300 0
25 10 -1.7819767999999998 0 -300 0
30 10 -1.3980262000000003 0 -300 0
35 10 -1.8474193999999997 0 -300 0
40 10 -2.3282686000000004 0 -300 0
45 10 -1.8367851000000002 0 -300 0
50 10 -0.7715687 0 -300 0
55 10 -1.5254022999999997 0 -300 0
60 10 -4.1272213 0 -300 0
65 10 -3.3933077999999997 0 -300 0
70 10 -1.6640360000000003 0 -300 0
75 10 -0.6387265000000002 0 -300 0
80 10 -0.2627419 0 -300 0
85 10 0.9778053 0 -300 0
90 10 3.0 0 -300 0
95 10 1.7470991 0 -300 0
100 10 1.9715644 0 -300 0
105 10 2.2905701 0 -300 0
110 10 1.9777539 0 -300 0
115 10 1.2867485 0 -300 0
120 10 0.3086483000000002 0 -300 0
125 10 -0.7924052000000001 0 -300 0
130 10 -2.0908274000000002 0 -300 0
135 10 -3.9789192 0 -300 0
140 10 -4.549821 0 -300 0
145 10 -3.9106126000000003 0 -300 0
150 10 -3.3525337000000004 0 -300 0
155 10 -2.7071696000000003 0 -300 0
160 10 -2.3285555000000002 0 -300 0
165 10 -2.2316760999999996 0 -300 0
170 10 -2.8779842 0 -300 0
175 10 -4.3555473 0 -300 0
180 10 -6.8000001999999995 0 -300 0
0 15 -7.699999999999999 0 -300 0
5 15 -8.47247 0 -300 0
10 15 -7.780048000000001 0 -300 0
15 15 -5.0580718000000005 0 -300 0
20 15 -2.9104997 0 -300 0
25 15 -1.8173067999999999 0 -300 0
30 15 -1.3986099999999997 0 -300 0
35 15 -1.7491463999999999 0 -300 0
40 15 -2.1503357999999997 0 -300 0
45 15 -1.6992349999999998 0 -300 0
50 15 -0.7243292000000001 0 -300 0
55 15 -1.3880521999999997 0 -300 0
60 15 -3.5419444999999996 0 -300 0
65 15 -2.8071146000000002 0 -300 0
70 15 -1.2733803000000004 0 -300 0
75 15 -0.3095104000000002 0 -300 0
80 15 0.1272259 0 -300 0
85 15 1.2996518 0 -300 0
90 15 3.0 0 -300 0
95 15 1.9270668 0 -300 0
100 15 2.02668714 0 -300 0
105 15 2.2868165400000002 0 -300 0
110 15 1.9682855 0 -300 0
115 15 1.2787532 0 -300 0
120 15 0.3064703 0 -300 0
125 15 -0.7569916999999999 0 -300 0
130 15 -1.9796858999999998 0 -300 0
135 15 -3.6945531000000003 0 -300 0
140 15 -4.2254704 0 -300 0
145 15 -3.7006505 0 -300 0
150 15 -3.2262082999999997 0 -300 0
155 15 -2.6753425999999996 0 -300 0
160 15 -2.3831800999999997 0 -300 0
165 15 -2.3645083 0 -300 0
170 15 -3.0560782 0 -300 0
175 15 -4.5212954 0 -300 0
180 15 -6.8000001999999995 0 -300 0
0 20 -7.699999999999999 0 -300 0
5 20 -7.894302 0 -300 0
10 20 -7.131868000000001 0 -300 0
15 20 -4.8177253 0 -300 0
20 20 -2.8913398 0 -300 0
25 20 -1.8500025000000004 0 -300 0
30 20 -1.4000576000000002 0 -300 0
35 20 -1.6643359000000002 0 -300 0
40 20 -1.9991763999999996 0 -300 0
45 20 -1.5826149999999997 0 -300 0
50 20 -0.6856993999999998 0 -300 0
55 20 -1.2742417000000001 0 -300 0
60 20 -3.0915768000000003 0 -300 0
65 20 -2.3582222 0 -300 0
70 20 -0.9668326 0 -300 0
75 20 -0.053653800000000196 0 -300 0
80 20 0.4153916999999998 0 -300 0
85 20 1.5203615 0 -300 0
90 20 3.0 0 -300 0
95 20 2.05428387 0 -300 0
100 20 2.0698211300000002 0 -300 0
105 20 2.28347505 0 -300 0
110 20 1.9595463 0 -300 0
115 20 1.269918 0 -300 0
120 20 0.3007175000000002 0 -300 0
125 20 -0.7310444999999999 0 -300 0
130 20 -1.8895916000000001 0 -300 0
135 20 -3.4644722000000003 0 -300 0
140 20 -3.9640774 0 -300 0
145 20 -3.5287204 0 -300 0
150 20 -3.1220941 0 -300 0
155 20 -2.650734 0 -300 0
160 20 -2.4334502000000002 0 -300 0
165 20 -2.4821318999999997 0 -300 0
170 20 -3.2081052999999997 0 -300 0
175 20 -4.6495392 0 -300 0
180 20 -6.8000001999999995 0 -300 0
0 25 -7.699999999999999 0 -300 0
5 25 -7.495984 0 -300 0
10 25 -6.658137999999999 0 -300 0
15 25 -4.6212253 0 -300 0
20 25 -2.8757520000000003 0 -300 0
25 25 -1.880675 0 -300 0
30 25 -1.4022787 0 -300 0
35 25 -1.5903555000000003 0 -300 0
40 25 -1.8691095000000004 0 -300 0
45 25 -1.4827693000000002 0 -300 0
50 25 -0.6542861000000002 0 -300 0
55 25 -1.1792672 0 -300 0
60 25 -2.7334258 0 -300 0
65 25 -2.0022216000000004 0 -300 0
70 25 -0.7197095999999998 0 -300 0
75 25 0.15089169999999985 0 -300 0
80 25 0.6371644000000001 0 -300 0
85 25 1.6811478 0 -300 0
90 25 3.0 0 -300 0
95 25 2.14907125 0 -300 0
100 25 2.1043129499999997 0 -300 0
105 25 2.28043743 0 -300 0
110 25 1.9513452 0 -300 0
115 25 1.2602656 0 -300 0
120 25 0.2917546999999998 0 -300 0
125 25 -0.7131628999999999 0 -300 0
130 25 -1.8166763000000001 0 -300 0
135 25 -3.2758189 0 -300 0
140 25 -3.7499988 0 -300 0
145 25 -3.386425 0 -300 0
150 25 -3.0356959000000003 0 -300 0
155 25 -2.6321082999999996 0 -300 0
160 25 -2.4804497000000003 0 -300 0
165 25 -2.5879440000000002 0 -300 0
170 25 -3.3406344 0 -300 0
175 25 -4.7528515 0 -300 0
180 25 -6.8000001999999995 0 -300 0
0 30 -7.699999999999999 0 -300 0
5 30 -7.202555 0 -300 0
10 30 -6.2931071 0 -300 0
15 30 -4.4567727 0 -300 0
20 30 -2.8631012 0 -300 0
25 30 -1.9098094999999997 0 -300 0
30 30 -1.4052094000000004 0 -300 0
35 30 -1.5252172000000002 0 -300 0
40 30 -1.7559731000000003 0 -300 0
45 30 -1.3966091 0 -300 0
50 30 -0.6290322000000002 0 -300 0
55 30 -1.0996841000000002 0 -300 0
60 30 -2.4417198000000004 0 -300 0
65 30 -1.7125637999999999 0 -300 0
70 30 -0.5163319999999998 0 -300 0
75 30 0.31801140000000006 0 -300 0
80 30 0.8130592000000001 0 -300 0
85 30 1.8034215 0 -300 0
90 30 3.0 0 -300 0
95 30 2.22249226 0 -300 0
100 30 2.13235268 0 -300 0
105 30 2.27762451 0 -300 0
110 30 1.9435349 0 -300 0
115 30 1.2498004 0 -300 0
120 30 0.2798346999999999 0 -300 0
125 30 -0.7023100000000002 0 -300 0
130 30 -1.7580939000000004 0 -300 0
135 30 -3.1197274000000004 0 -300 0
140 30 -3.5726274 0 -300 0
145 30 -3.2678078 0 -300 0
150 30 -2.9637373 0 -300 0
155 30 -2.6185555999999997 0 -300 0
160 30 -2.5250237999999996 0 -300 0
165 30 -2.6845103000000003 0 -300 0
170 30 -3.4583307999999997 0 -300 0
175 30 -4.8388619 0 -300 0
180 30 -6.8000001999999995 0 -300 0
0 35 -7.699999999999999 0 -300 0
5 35 -6.9758862 0 -300 0
10 35 -6.0007822 0 -300 0
15 35 -4.3164268 0 -300 0
20 35 -2.8529146 0 -300 0
25 35 -1.9378009 0 -300 0
30 35 -1.4088054000000003 0 -300 0
35 35 -1.4673908000000004 0 -300 0
40 35 -1.6566438000000003 0 -300 0
45 35 -1.3217916 0 -300 0
50 35 -0.6091278 0 -300 0
55 35 -1.0329177999999999 0 -300 0
60 35 -2.1998226 0 -300 0
65 35 -1.4722385999999998 0 -300 0
70 35 -0.34621309999999994 0 -300 0
75 35 0.45691479999999984 0 -300 0
80 35 0.9558355999999999 0 -300 0
85 35 1.8994366 0 -300 0
90 35 3.0 0 -300 0
95 35 2.28109143 0 -300 0
100 35 2.1554318500000003 0 -300 0
105 35 2.27497651 0 -300 0
110 35 1.9359985 0 -300 0
115 35 1.2385115 0 -300 0
120 35 0.2651249 0 -300 0
125 35 -0.6977171000000002 0 -300 0
130 35 -1.7117180000000003 0 -300 0
135 35 -2.9898811 0 -300 0
140 35 -3.4244994999999996 0 -300 0
145 35 -3.1685289 0 -300 0
150 35 -2.9037810000000004 0 -300 0
155 35 -2.6093995000000003 0 -300 0
160 35 -2.5678508000000004 0 -300 0
165 35 -2.7738204 0 -300 0
170 35 -3.5646217 0 -300 0
175 35 -4.912488 0 -300 0
180 35 -6.8000001999999995 0 -300 0
0 40 -7.699999999999999 0 -300 0
5 40 -6.794361200000001 0 -300 0
10 40 -5.759572199999999 0 -300 0
15 40 -4.1946296 0 -300 0
20 40 -2.8448352000000003 0 -300 0
25 40 -1.9649786999999996 0 -300 0
30 40 -1.4130380999999996 0 -300 0
35 40 -1.4156784 0 -300 0
40 40 -1.5687297999999998 0 -300 0
45 40 -1.2565090999999997 0 -300 0
50 40 -0.5939481999999998 0 -300 0
55 40 -0.9770135999999998 0 -300 0
60 40 -1.9964461 0 -300 0
65 40 -1.2697728000000001 0 -300 0
70 40 -0.20205170000000017 0 -300 0
75 40 0.5739630999999998 0 -300 0
80 40 1.0738651 0 -300 0
85 40 1.9767212 0 -300 0
90 40 3.0 0 -300 0
95 40 2.32899046 0 -300 0
100 40 2.17459946 0 -300 0
105 40 2.27244679 0 -300 0
110 40 1.9286404 0 -300 0
115 40 1.2263755 0 -300 0
120 40 0.24772490000000014 0 -300 0
125 40 -0.6988191000000001 0 -300 0
130 40 -1.6759443000000003 0 -300 0
135 40 -2.8816629999999996 0 -300 0
140 40 -3.3002095000000002 0 -300 0
145 40 -3.0853595 0 -300 0
150 40 -2.8539844 0 -300 0
155 40 -2.6041350000000003 0 -300 0
160 40 -2.6094909 0 -300 0
165 40 -2.857456 0 -300 0
170 40 -3.6621028000000004 0 -300 0
175 40 -4.9770601 0 -300 0
180 40 -6.8000001999999995 0 -300 0
0 45 -7.699999999999999 0 -300 0
5 45 -6.6447442 0 -300 0
10 45 -5.5556368 0 -300 0
15 45 -4.0873619 0 -300 0
20 45 -2.8385917999999997 0 -300 0
25 45 -1.9916245999999997 0 -300 0
30 45 -1.4178916 0 -300 0
35 45 -1.3691287 0 -300 0
40 45 -1.4903665999999998 0 -300 0
45 45 -1.1993470000000004 0 -300 0
50 45 -0.5830118 0 -300 0
55 45 -0.930469 0 -300 0
60 45 -1.8236318000000002 0 -300 0
65 45 -1.0971134999999999 0 -300 0
70 45 -0.0785992000000002 0 -300 0
75 45 0.6736952 0 -300 0
80 45 1.1728754 0 -300 0
85 45 2.04015743 0 -300 0
90 45 3.0 0 -300 0
95 45 2.36891592 0 -300 0
100 45 2.19061267 0 -300 0
105 45 2.26999782 0 -300 0
110 45 1.9213799 0 -300 0
115 45 1.2133573 0 -300 0
120 45 0.22767809999999988 0 -300 0
125 45 -0.7052098 0 -300 0
130 45 -1.6495575000000002 0 -300 0
135 45 -2.7916318 0 -300 0
140 45 -3.195753 0 -300 0
145 45 -3.0158574 0 -300 0
150 45 -2.8129378999999997 0 -300 0
155 45 -2.6023870000000002 0 -300 0
160 45 -2.6504208 0 -300 0
165 45 -2.936706 0 -300 0
170 45 -3.7527975 0 -300 0
175 45 -5.034931 0 -300 0
180 45 -6.8000001999999995 0 -300 0
0 50 -7.699999999999999 0 -300 0
5 50 -6.5184408000000005 0 -300 0
10 50 -5.3796403999999995 0 -300 0
15 50 -3.9916348 0 -300 0
20 50 -2.8339771999999996 0 -300 0
25 50 -2.0179862999999996 0 -300 0
30 50 -1.4233608000000002 0 -300 0
35 50 -1.3269756 0 -300 0
40 50 -1.4200790000000003 0 -300 0
45 50 -1.1491850000000001 0 -300 0
50 50 -0.5759487000000001 0 -300 0
55 50 -0.8921201000000001 0 -300 0
60 50 -1.6755953999999997 0 -300 0
65 50 -0.9484276999999999 0 -300 0
70 50 0.028017300000000134 0 -300 0
75 50 0.7594373000000001 0 -300 0
80 50 1.2569193 0 -300 0
85 50 2.09304962 0 -300 0
90 50 3.0 0 -300 0
95 50 2.40274444 0 -300 0
100 50 2.2040295199999997 0 -300 0
105 50 2.2675984700000003 0 -300 0
110 50 1.914147 0 -300 0
115 50 1.1994104 0 -300 0
120 50 0.2049799000000001 0 -300 0
125 50 -0.7166112999999998 0 -300 0
130 50 -1.6316398999999997 0 -300 0
135 50 -2.7171858 0 -300 0
140 50 -3.108112 0 -300 0
145 50 -2.9581540000000004 0 -300 0
150 50 -2.7795547999999997 0 -300 0
155 50 -2.6038809 0 -300 0
160 50 -2.6910587 0 -300 0
165 50 -3.0126475 0 -300 0
170 50 -3.8383287 0 -300 0
175 50 -5.087827600000001 0 -300 0
180 50 -6.8000001999999995 0 -300 0
0 55 -7.699999999999999 0 -300 0
5 55 -6.409604 0 -300 0
10 55 -5.2250213 0 -300 0
15 55 -3.9051713 0 -300 0
20 55 -2.8308336 0 -300 0
25 55 -2.0442874 0 -300 0
30 55 -1.4294501000000004 0 -300 0
35 55 -1.2885952999999999 0 -300 0
40 55 -1.3566836999999996 0 -300 0
45 55 -1.1051276000000003 0 -300 0
50 55 -0.5724797000000001 0 -300 0
55 55 -0.8610617999999999 0 -300 0
60 55 -1.5480302999999997 0 -300 0
65 55 -0.8193804 0 -300 0
70 55 0.12071729999999992 0 -300 0
75 55 0.8336804 0 -300 0
80 55 1.3289442 0 -300 0
85 55 2.13771299 0 -300 0
90 55 3.0 0 -300 0
95 55 2.43181089 0 -300 0
100 55 2.215268 0 -300 0
105 55 2.26522202 0 -300 0
110 55 1.906879 0 -300 0
115 55 1.1844777 0 -300 0
120 55 0.17958169999999996 0 -300 0
125 55 -0.7328527999999999 0 -300 0
130 55 -1.6215080000000004 0 -300 0
135 55 -2.6563397999999996 0 -300 0
140 55 -3.0349835 0 -300 0
145 55 -2.9108090000000004 0 -300 0
150 55 -2.7529950999999997 0 -300 0
155 55 -2.6084233 0 -300 0
160 55 -2.7317831000000004 0 -300 0
165 55 -3.0862052 0 -300 0
170 55 -3.9200366000000004 0 -300 0
175 55 -5.137064199999999 0 -300 0
180 55 -6.8000001999999995 0 -300 0
0 60 -7.699999999999999 0 -300 0
5 60 -6.3140985 0 -300 0
10 60 -5.087006499999999 0 -300 0
15 60 -3.8261969999999996 0 -300 0
20 60 -2.8290426999999996 0 -300 0
25 60 -2.0707353 0 -300 0
30 60 -1.4361723 0 -300 0
35 60 -1.2534739999999998 0 -300 0
40 60 -1.2992203 0 -300 0
45 60 -1.0664539 0 -300 0
50 60 -0.5723999000000002 0 -300 0
55 60 -0.8365920999999998 0 -300 0
60 60 -1.4376673999999996 0 -300 0
65 60 -0.7066824999999999 0 -300 0
70 60 0.20174119999999984 0 -300 0
75 60 0.8983246999999999 0 -300 0
80 60 1.391143 0 -300 0
85 60 2.17581612 0 -300 0
90 60 3.0 0 -300 0
95 60 2.45709145 0 -300 0
100 60 2.22464485 0 -300 0
105 60 2.2628448199999998 0 -300 0
110 60 1.8995175 0 -300 0
115 60 1.16849 0 -300 0
120 60 0.15139389999999997 0 -300 0
125 60 -0.7538564999999999 0 -300 0
130 60 -1.6186679000000002 0 -300 0
135 60 -2.6075741 0 -300 0
140 60 -2.9745973 0 -300 0
145 60 -2.8727099999999997 0 -300 0
150 60 -2.7326119999999996 0 -300 0
155 60 -2.6158874 0 -300 0
160 60 -2.7729480000000004 0 -300 0
165 60 -3.158195 0 -300 0
170 60 -3.9990622 0 -300 0
175 60 -5.183678499999999 0 -300 0
180 60 -6.8000001999999995 0 -300 0
0 65 -7.699999999999999 0 -300 0
5 65 -6.2288993999999995 0 -300 0
10 65 -4.9620176 0 -300 0
15 65 -3.7533008 0 -300 0
20 65 -2.828518 0 -300 0
25 65 -2.0975278 0 -300 0
30 65 -1.4435488000000003 0 -300 0
35 65 -1.2211844999999997 0 -300 0
40 65 -1.2469010999999997 0 -300 0
45 65 -1.0325807999999999 0 -300 0
50 65 -0.5755678999999998 0 -300 0
55 65 -0.8181714000000002 0 -300 0
60 65 -1.3419872000000002 0 -300 0
65 65 -0.6077952 0 -300 0
70 65 0.27283310000000016 0 -300 0
75 65 0.9548409000000002 0 -300 0
80 65 1.4451773 0 -300 0
85 65 2.20858977 0 -300 0
90 65 3.0 0 -300 0
95 65 2.47931741 0 -300 0
100 65 2.23240171 0 -300 0
105 65 2.2604451599999997 0 -300 0
110 65 1.8920073 0 -300 0
115 65 1.1513662 0 -300 0
120 65 0.12028619999999979 0 -300 0
125 65 -0.7796287999999998 0 -300 0
130 65 -1.6227849 0 -300 0
135 65 -2.5697298 0 -300 0
140 65 -2.9255902999999996 0 -300 0
145 65 -2.8430022 0 -300 0
150 65 -2.7179130999999996 0 -300 0
155 65 -2.6262038 0 -300 0
160 65 -2.8148948999999996 0 -300 0
165 65 -3.2293591 0 -300 0
170 65 -4.0764097 0 -300 0
175 65 -5.228520700000001 0 -300 0
180 65 -6.8000001999999995 0 -300 0
0 70 -7.699999999999999 0 -300 0
5 70 -6.151725300000001 0 -300 0
10 70 -4.8472976 0 -300 0
15 70 -3.6853378 0 -300 0
20 70 -2.8291994999999996 0 -300 0
25 70 -2.1248591 0 -300 0
30 70 -1.4516090000000004 0 -300 0
35 70 -1.1913681 0 -300 0
40 70 -1.1990740000000004 0 -300 0
45 70 -1.0030359999999998 0 -300 0
50 70 -0.5818973999999999 0 -300 0
55 70 -0.8053938999999999 0 -300 0
60 70 -1.2590256999999996 0 -300 0
65 70 -0.5207318000000001 0 -300 0
70 70 0.3353663 0 -300 0
75 70 1.0043807 0 -300 0
80 70 1.4923255 0 -300 0
85 70 2.23695915 0 -300 0
90 70 3.0 0 -300 0
95 70 2.49904824 0 -300 0
100 70 2.23872304 0 -300 0
105 70 2.25800248 0 -300 0
110 70 1.8842936 0 -300 0
115 70 1.1330111 0 -300 0
120 70 0.08608599999999988 0 -300 0
125 70 -0.8102556000000001 0 -300 0
130 70 -1.6336617999999996 0 -300 0
135 70 -2.5419362999999997 0 -300 0
140 70 -2.8869192000000004 0 -300 0
145 70 -2.8210385999999996 0 -300 0
150 70 -2.7085333 0 -300 0
155 70 -2.6393544999999996 0 -300 0
160 70 -2.8579634 0 -300 0
165 70 -3.3003935999999996 0 -300 0
170 70 -4.1529936 0 -300 0
175 70 -5.272316399999999 0 -300 0
180 70 -6.8000001999999995 0 -300 0
0 75 -7.699999999999999 0 -300 0
5 75 -6.080805399999999 0 -300 0
10 75 -4.7406666 0 -300 0
15 75 -3.6213599 0 -300 0
20 75 -2.8310503999999996 0 -300 0
25 75 -2.1529244 0 -300 0
30 75 -1.4603907999999999 0 -300 0
35 75 -1.1637209999999998 0 -300 0
40 75 -1.1551944 0 -300 0
45 75 -0.9774375000000002 0 -300 0
50 75 -0.5913528000000001 0 -300 0
55 75 -0.7979666000000001 0 -300 0
60 75 -1.1872406 0 -300 0
65 75 -0.4439206000000002 0 -300 0
70 75 0.39043170000000016 0 -300 0
75 75 1.0478538 0 -300 0
80 75 1.5335828 0 -300 0
85 75 2.26163037 0 -300 0
90 75 3.0 0 -300 0
95 75 2.51672024 0 -300 0
100 75 2.24374854 0 -300 0
105 75 2.25549665 0 -300 0
110 75 1.8763214 0 -300 0
115 75 1.1133145 0 -300 0
120 75 0.04857610000000001 0 -300 0
125 75 -0.8459012000000001 0 -300 0
130 75 -1.6512266000000002 0 -300 0
135 75 -2.5235597 0 -300 0
140 75 -2.8577988000000003 0 -300 0
145 75 -2.8063439 0 -300 0
150 75 -2.7042157 0 -300 0
155 75 -2.6553689 0 -300 0
160 75 -2.9025017 0 -300 0
165 75 -3.3719731 0 -300 0
170 75 -4.2296784 0 -300 0
175 75 -5.315712100000001 0 -300 0
180 75 -6.8000001999999995 0 -300 0
0 80 -7.699999999999999 0 -300 0
5 80 -6.0147245 0 -300 0
10 80 -4.6403564 0 -300 0
15 80 -3.5605664 0 -300 0
20 80 -2.8340547999999997 0 -300 0
25 80 -2.1819252999999996 0 -300 0
30 80 -1.4699409 0 -300 0
35 80 -1.1379839 0 -300 0
40 80 -1.1148043000000003 0 -300 0
45 80 -0.9554787999999999 0 -300 0
50 80 -0.6039454000000002 0 -300 0
55 80 -0.7956954 0 -300 0
60 80 -1.1254172999999996 0 -300 0
65 80 -0.3761087999999999 0 -300 0
70 80 0.4389004000000001 0 -300 0
75 80 1.0859828 0 -300 0
80 80 1.5697303 0 -300 0
85 80 2.28314838 0 -300 0
90 80 3.0 0 -300 0
95 80 2.53267972 0 -300 0
100 80 2.24758184 0 -300 0
105 80 2.25290734 0 -300 0
110 80 1.8680335 0 -300 0
115 80 1.0921485 0 -300 0
120 80 0.007489599999999985 0 -300 0
125 80 -0.8868114 0 -300 0
130 80 -1.6755244999999999 0 -300 0
135 80 -2.5141677 0 -300 0
140 80 -2.8376587000000004 0 -300 0
145 80 -2.7985905000000004 0 -300 0
150 80 -2.7047980000000003 0 -300 0
155 80 -2.6743229 0 -300 0
160 80 -2.9488754999999998 0 -300 0
165 80 -3.4447729000000002 0 -300 0
170 80 -4.3073128 0 -300 0
175 80 -5.359310000000001 0 -300 0
180 80 -6.8000001999999995 0 -300 0
0 85 -7.699999999999999 0 -300 0
5 85 -5.9523171 0 -300 0
10 85 -4.5448945 0 -300 0
15 85 -3.5022656999999997 0 -300 0
20 85 -2.838216 0 -300 0
25 85 -2.2120745 0 -300 0
30 85 -1.4803157999999996 0 -300 0
35 85 -1.1139333000000002 0 -300 0
40 85 -1.0775154000000002 0 -300 0
45 85 -0.9369170000000002 0 -300 0
50 85 -0.6197327000000001 0 -300 0
55 85 -0.7984754999999999 0 -300 0
60 85 -1.0726011 0 -300 0
65 85 -0.31629320000000005 0 -300 0
70 85 0.4814693000000001 0 -300 0
75 85 1.1193417 0 -300 0
80 85 1.6013833 0 -300 0
85 85 2.30193668 0 -300 0
90 85 3.0 0 -300 0
95 85 2.54720624 0 -300 0
100 85 2.2502965 0 -300 0
105 85 2.25021343 0 -300 0
110 85 1.8593693 0 -300 0
115 85 1.0693647 0 -300 0
120 85 -0.03749640000000021 0 -300 0
125 85 -0.9333186000000002 0 -300 0
130 85 -1.7067170999999997 0 -300 0
135 85 -2.5135064 0 -300 0
140 85 -2.8261135 0 -300 0
145 85 -2.7975819 0 -300 0
150 85 -2.7102041999999997 0 -300 0
155 85 -2.6963391999999997 0 -300 0
160 85 -2.9974792 0 -300 0
165 85 -3.5194903999999996 0 -300 0
170 85 -4.3867615 0 -300 0
175 85 -5.403698199999999 0 -300 0
180 85 -6.8000001999999995 0 -300 0
0 90 -7.699999999999999 0 -300 0
5 90 -5.892591899999999 0 -300 0
10 90 -4.4530202 0 -300 0
15 90 -3.4458466000000003 0 -300 0
20 90 -2.8435563000000004 0 -300 0
25 90 -2.2436011000000002 0 -300 0
30 90 -1.4915826 0 -300 0
35 90 -1.0913753000000002 0 -300 0
40 90 -1.0429972000000003 0 -300 0
45 90 -0.9215650000000002 0 -300 0
50 90 -0.6388186 0 -300 0
55 90 -0.8062859000000002 0 -300 0
60 90 -1.0280497000000004 0 -300 0
65 90 -0.2636706000000002 0 -300 0
70 90 0.5186937 0 -300 0
75 90 1.148385 0 -300 0
80 90 1.6290264 0 -300 0
85 90 2.31832491 0 -300 0
90 90 3.0 0 -300 0
95 90 2.56052935 0 -300 0
100 90 2.25193997 0 -300 0
105 90 2.24739244 0 -300 0
110 90 1.8502633 0 -300 0
115 90 1.044791 0 -300 0
120 90 -0.08676940000000011 0 -300 0
125 90 -0.9858517999999998 0 -300 0
130 90 -1.7450861 0 -300 0
135 90 -2.5214869999999996 0 -300 0
140 90 -2.8229439999999997 0 -300 0
145 90 -2.8032421000000003 0 -300 0
150 90 -2.7204403 0 -300 0
155 90 -2.7215901000000002 0 -300 0
160 90 -3.0487466999999997 0 -300 0
165 90 -3.5968685999999996 0 -300 0
170 90 -4.4689384 0 -300 0
175 90 -5.449477999999999 0 -300 0
180 90 -6.8000001999999995 0 -300 0
0 95 -7.699999999999999 0 -300 0
5 95 -5.8346746 0 -300 0
10 95 -4.363622 0 -300 0
15 95 -3.3907556999999997 0 -300 0
20 95 -2.850117 0 -300 0
25 95 -2.2767565000000003 0 -300 0
30 95 -1.5038210000000003 0 -300 0
35 95 -1.0701400000000003 0 -300 0
40 95 -1.0109662000000004 0 -300 0
45 95 -0.9092850000000001 0 -300 0
50 95 -0.6613563999999998 0 -300 0
55 95 -0.8191879000000002 0 -300 0
60 95 -0.9911984 0 -300 0
65 95 -0.2176007000000002 0 -300 0
70 95 0.5510120999999999 0 -300 0
75 95 1.1734677 0 -300 0
80 95 1.6530378 0 -300 0
85 95 2.33256811 0 -300 0
90 95 3.0 0 -300 0
95 95 2.57284088 0 -300 0
100 95 2.25253603 0 -300 0
105 95 2.2444198699999998 0 -300 0
110 95 1.8406432 0 -300 0
115 95 1.0182272 0 -300 0
120 95 -0.14079340000000018 0 -300 0
125 95 -1.0449504000000003 0 -300 0
130 95 -1.791042 0 -300 0
135 95 -2.5381799000000003 0 -300 0
140 95 -2.828086 0 -300 0
145 95 -2.8156122999999997 0 -300 0
150 95 -2.7355928 0 -300 0
155 95 -2.7503019 0 -300 0
160 95 -3.1031649000000003 0 -300 0
165 95 -3.6777208000000003 0 -300 0
170 95 -4.5548428 0 -300 0
175 95 -5.4972908 0 -300 0
180 95 -6.8000001999999995 0 -300 0
0 100 -7.699999999999999 0 -300 0
5 100 -5.7777636999999995 0 -300 0
10 100 -4.275688 0 -300 0
15 100 -3.3364775 0 -300 0
20 100 -2.8579597999999997 0 -300 0
25 100 -2.3118211000000004 0 -300 0
30 100 -1.5171245000000004 0 -300 0
35 100 -1.0500772999999999 0 -300 0
40 100 -0.9811785 0 -300 0
45 100 -0.8999847000000001 0 -300 0
50 100 -0.6875521999999998 0 -300 0
55 100 -0.8373263 0 -300 0
60 100 -0.9616361000000002 0 -300 0
65 100 -0.17757980000000018 0 -300 0
70 100 0.5787634000000001 0 -300 0
75 100 1.1948601 0 -300 0
80 100 1.6737068 0 -300 0
85 100 2.34486003 0 -300 0
90 100 3.0 0 -300 0
95 100 2.58430428 0 -300 0
100 100 2.25208587 0 -300 0
105 100 2.24126848 0 -300 0
110 100 1.8304284 0 -300 0
115 100 0.9894390999999998 0 -300 0
120 100 -0.2001240000000002 0 -300 0
125 100 -1.1112836000000001 0 -300 0
130 100 -1.8451399000000004 0 -300 0
135 100 -2.5638175 0 -300 0
140 100 -2.8416273 0 -300 0
145 100 -2.8348513000000004 0 -300 0
150 100 -2.755832 0 -300 0
155 100 -2.7827618999999997 0 -300 0
160 100 -3.1612891999999997 0 -300 0
165 100 -3.7629614 0 -300 0
170 100 -4.6456022 0 -300 0
175 100 -5.547849299999999 0 -300 0
180 100 -6.8000001999999995 0 -300 0
0 105 -7.699999999999999 0 -300 0
5 105 -5.7210923000000005 0 -300 0
10 105 -4.1882649 0 -300 0
15 105 -3.2825185 0 -300 0
20 105 -2.8671686000000003 0 -300 0
25 105 -2.3491125000000004 0 -300 0
30 105 -1.5316032999999996 0 -300 0
35 105 -1.0310533 0 -300 0
40 105 -0.9534232 0 -300 0
45 105 -0.8936145999999998 0 -300 0
50 105 -0.7176716999999999 0 -300 0
55 105 -0.8609353 0 -300 0
60 105 -0.9390895000000001 0 -300 0
65 105 -0.14322180000000007 0 -300 0
70 105 0.6021985000000001 0 -300 0
75 105 1.2127576 0 -300 0
80 105 1.6912459 0 -300 0
85 105 2.35534206 0 -300 0
90 105 3.0 0 -300 0
95 105 2.59506189 0 -300 0
100 105 2.2505679499999998 0 -300 0
105 105 2.23790748 0 -300 0
110 105 1.8195273 0 -300 0
115 105 0.9581518 0 -300 0
120 105 -0.2654277999999999 0 -300 0
125 105 -1.1856764000000002 0 -300 0
130 105 -1.9081016000000002 0 -300 0
135 105 -2.5988040000000003 0 -300 0
140 105 -2.8638122 0 -300 0
145 105 -2.8612423 0 -300 0
150 105 -2.7814176 0 -300 0
155 105 -2.8193279999999996 0 -300 0
160 105 -3.223764 0 -300 0
165 105 -3.8536431 0 -300 0
170 105 -4.7425256 0 -300 0
175 105 -5.601973900000001 0 -300 0
180 105 -6.8000001999999995 0 -300 0
0 110 -7.699999999999999 0 -300 0
5 110 -5.663893099999999 0 -300 0
10 110 -4.1004227 0 -300 0
15 110 -3.2283917000000004 0 -300 0
20 110 -2.8778522000000004 0 -300 0
25 110 -2.3889956000000003 0 -300 0
30 110 -1.5473872000000002 0 -300 0
35 110 -1.0129475000000001 0 -300 0
40 110 -0.9275175999999998 0 -300 0
45 110 -0.8901677000000001 0 -300 0
50 110 -0.7520487999999999 0 -300 0
55 110 -0.8903471000000001 0 -300 0
60 110 -0.9234141 0 -300 0
65 110 -0.1142449000000001 0 -300 0
70 110 0.6214892000000001 0 -300 0
75 110 1.2272869 0 -300 0
80 110 1.7057976 0 -300 0
85 110 2.36410853 0 -300 0
90 110 3.0 0 -300 0
95 110 2.6052409499999998 0 -300 0
100 110 2.24793655 0 -300 0
105 110 2.23430151 0 -300 0
110 110 1.8078346 0 -300 0
115 110 0.9240411000000002 0 -300 0
120 110 -0.3375083000000001 0 -300 0
125 110 -1.2691448999999997 0 -300 0
130 110 -1.980848 0 -300 0
135 110 -2.6437349 0 -300 0
140 110 -2.8950525999999996 0 -300 0
145 110 -2.8952049000000004 0 -300 0
150 110 -2.8127095000000004 0 -300 0
155 110 -2.860442 0 -300 0
160 110 -3.2913468999999997 0 -300 0
165 110 -3.9510044000000004 0 -300 0
170 110 -4.8471733 0 -300 0
175 110 -5.6606395 0 -300 0
180 110 -6.8000001999999995 0 -300 0
0 115 -7.699999999999999 0 -300 0
5 115 -5.6053630000000005 0 -300 0
10 115 -4.0112202 0 -300 0
15 115 -3.1736018 0 -300 0
20 115 -2.8901488000000004 0 -300 0
25 115 -2.4318945000000003 0 -300 0
30 115 -1.5646294000000003 0 -300 0
35 115 -0.9956497 0 -300 0
40 115 -0.9033028000000001 0 -300 0
45 115 -0.8896798000000001 0 -300 0
50 115 -0.7910976999999999 0 -300 0
55 115 -0.9260060999999999 0 -300 0
60 115 -0.9145908 0 -300 0
65 115 -0.0904638000000002 0 -300 0
70 115 0.6367313000000001 0 -300 0
75 115 1.2385084 0 -300 0
80 115 1.7174382 0 -300 0
85 115 2.3712088700000002 0 -300 0
90 115 3.0 0 -300 0
95 115 2.6149588 0 -300 0
100 115 2.24411902 0 -300 0
105 115 2.23040935 0 -300 0
110 115 1.7952283 0 -300 0
115 115 0.8867213 0 -300 0
120 115 -0.4173404999999999 0 -300 0
125 115 -1.3629438 0 -300 0
130 115 -2.0645429 0 -300 0
135 115 -2.6994262000000004 0 -300 0
140 115 -2.9359488999999996 0 -300 0
145 115 -2.9373145000000003 0 -300 0
150 115 -2.8501823 0 -300 0
155 115 -2.9066470000000004 0 -300 0
160 115 -3.3649419 0 -300 0
165 115 -4.0565331 0 -300 0
170 115 -4.9614515 0 -300 0
175 115 -5.725039000000001 0 -300 0
180 115 -6.8000001999999995 0 -300 0
0 120 -7.699999999999999 0 -300 0
5 120 -5.5446235999999995 0 -300 0
10 120 -3.9196711000000004 0 -300 0
15 120 -3.1176294999999996 0 -300 0
20 120 -2.9042310999999996 0 -300 0
25 120 -2.4783086 0 -300 0
30 120 -1.5835116999999999 0 -300 0
35 120 -0.9790583000000002 0 -300 0
40 120 -0.8806409 0 -300 0
45 120 -0.8922322 0 -300 0
50 120 -0.8353285000000001 0 -300 0
55 120 -0.9684883000000002 0 -300 0
60 120 -0.9127291 0 -300 0
65 120 -0.07178560000000012 0 -300 0
70 120 0.6479455999999999 0 -300 0
75 120 1.2464156 0 -300 0
80 120 1.726177 0 -300 0
85 120 2.37664662 0 -300 0
90 120 3.0 0 -300 0
95 120 2.62432776 0 -300 0
100 120 2.2390112 0 -300 0
105 120 2.22618233 0 -300 0
110 120 1.7815648 0 -300 0
115 120 0.8457314 0 -300 0
120 120 -0.506116 0 -300 0
125 120 -1.4686312 0 -300 0
130 120 -2.1606544000000003 0 -300 0
135 120 -2.7669577 0 -300 0
140 120 -2.9873211 0 -300 0
145 120 -2.9883303000000003 0 -300 0
150 120 -2.8944476999999997 0 -300 0
155 120 -2.9586107999999998 0 -300 0
160 120 -3.4456423000000003 0 -300 0
165 120 -4.1720523 0 -300 0
170 120 -5.0877444 0 -300 0
175 120 -5.796671399999999 0 -300 0
180 120 -6.8000001999999995 0 -300 0
0 125 -7.699999999999999 0 -300 0
5 125 -5.4806732 0 -300 0
10 125 -3.8247049000000004 0 -300 0
15 125 -3.0599146 0 -300 0
20 125 -2.9203140999999997 0 -300 0
25 125 -2.5288331 0 -300 0
30 125 -1.6042503000000004 0 -300 0
35 125 -0.9630779999999999 0 -300 0
40 125 -0.8594116 0 -300 0
45 125 -0.8979556 0 -300 0
50 125 -0.8853683000000001 0 -300 0
55 125 -1.0185282000000004 0 -300 0
60 125 -0.9180769 0 -300 0
65 125 -0.058210900000000176 0 -300 0
70 125 0.6550748999999998 0 -300 0
75 125 1.2509305 0 -300 0
80 125 1.7319518 0 -300 0
85 125 2.38037481 0 -300 0
90 125 3.0 0 -300 0
95 125 2.63346014 0 -300 0
100 125 2.2324705700000003 0 -300 0
105 125 2.22156224 0 -300 0
110 125 1.7666734 0 -300 0
115 125 0.8005152 0 -300 0
120 125 -0.6053054000000002 0 -300 0
125 125 -1.5881583 0 -300 0
130 125 -2.27104 0 -300 0
135 125 -2.847735 0 -300 0
140 125 -3.0502542000000004 0 -300 0
145 125 -3.0492346 0 -300 0
150 125 -2.9462834000000004 0 -300 0
155 125 -3.0171579 0 -300 0
160 125 -3.5347888999999997 0 -300 0
165 125 -4.2998409 0 -300 0
170 125 -5.2291062 0 -300 0
175 125 -5.8774707 0 -300 0
180 125 -6.8000001999999995 0 -300 0
0 130 -7.699999999999999 0 -300 0
5 130 -5.412324699999999 0 -300 0
10 130 -3.725123 0 -300 0
15 130 -2.9998356 0 -300 0
20 130 -2.9386653000000003 0 -300 0
25 130 -2.5841858 0 -300 0
30 130 -1.6271050000000002 0 -300 0
35 130 -0.9476176000000001 0 -300 0
40 130 -0.8395109000000001 0 -300 0
45 130 -0.9070371000000002 0 -300 0
50 130 -0.9419900999999999 0 -300 0
55 130 -1.0770571000000002 0 -300 0
60 130 -0.9310369000000001 0 -300 0
65 130 -0.0498390999999998 0 -300 0
70 130 0.6579761 0 -300 0
75 130 1.2518948 0 -300 0
80 130 1.7346187 0 -300 0
85 130 2.38228661 0 -300 0
90 130 3.0 0 -300 0
95 130 2.64247406 0 -300 0
100 130 2.22430636 0 -300 0
105 130 2.2164785399999998 0 -300 0
110 130 1.7503492 0 -300 0
115 130 0.7503956999999999 0 -300 0
120 130 -0.7167433000000001 0 -300 0
125 130 -1.7239952 0 -300 0
130 130 -2.398066 0 -300 0
135 130 -2.9435767999999998 0 -300 0
140 130 -3.1261621 0 -300 0
145 130 -3.1212881 0 -300 0
150 130 -3.0066743999999996 0 -300 0
155 130 -3.0833120000000003 0 -300 0
160 130 -3.6340512 0 -300 0
165 130 -4.4428067 0 -300 0
170 130 -5.3895467 0 -300 0
175 130 -5.9699986 0 -300 0
180 130 -6.8000001999999995 0 -300 0
0 135 -7.699999999999999 0 -300 0
5 135 -5.3381202000000005 0 -300 0
10 135 -3.6195423 0 -300 0
15 135 -2.9366854 0 -300 0
20 135 -2.9596182000000004 0 -300 0
25 135 -2.6452435000000003 0 -300 0
30 135 -1.6523889 0 -300 0
35 135 -0.9325885999999999 0 -300 0
40 135 -0.8208487999999998 0 -300 0
45 135 -0.9197289 0 -300 0
50 135 -1.0061502000000004 0 -300 0
55 135 -1.1452536000000002 0 -300 0
60 135 -0.9521932999999998 0 -300 0
65 135 -0.04687859999999988 0 -300 0
70 135 0.6564079999999999 0 -300 0
75 135 1.2490554 0 -300 0
80 135 1.7339358 0 -300 0
85 135 2.38219935 0 -300 0
90 135 3.0 0 -300 0
95 135 2.65150073 0 -300 0
100 135 2.21426505 0 -300 0
105 135 2.21084465 0 -300 0
110 135 1.7323432 0 -300 0
115 135 0.6945408 0 -300 0
120 135 -0.8427482 0 -300 0
125 135 -1.8793112 0 -300 0
130 135 -2.5447800000000003 0 -300 0
135 135 -3.0568400000000002 0 -300 0
140 135 -3.2168797 0 -300 0
145 135 -3.2061076 0 -300 0
150 135 -3.0768693000000003 0 -300 0
155 135 -3.1583556 0 -300 0
160 135 -3.7455398000000004 0 -300 0
165 135 -4.6047418 0 -300 0
170 135 -5.5744744 0 -300 0
175 135 -6.077746299999999 0 -300 0
180 135 -6.8000001999999995 0 -300 0
0 140 -7.699999999999999 0 -300 0
5 140 -5.256208900000001 0 -300 0
10 140 -3.5063224 0 -300 0
15 140 -2.8696390000000003 0 -300 0
20 140 -2.9835915 0 -300 0
25 140 -2.7130908 0 -300 0
30 140 -1.6804837 0 -300 0
35 140 -0.9179026000000001 0 -300 0
40 140 -0.8033484999999998 0 -300 0
45 140 -0.9363614 0 -300 0
50 140 -1.0790404000000002 0 -300 0
55 140 -1.2246163 0 -300 0
60 140 -0.9823506000000002 0 -300 0
65 140 -0.04966489999999979 0 -300 0
70 140 0.6500121999999999 0 -300 0
75 140 1.242043 0 -300 0
80 140 1.7295369 0 -300 0
85 140 2.37982817 0 -300 0
90 140 3.0 0 -300 0
95 140 2.66069443 0 -300 0
100 140 2.20200919 0 -300 0
105 140 2.20455284 0 -300 0
110 140 1.7123494 0 -300 0
115 140 0.6319157999999998 0 -300 0
120 140 -0.9862942000000001 0 -300 0
125 140 -2.0582405 0 -300 0
130 140 -2.7151628 0 -300 0
135 140 -3.1906008999999997 0 -300 0
140 140 -3.3247935999999996 0 -300 0
145 140 -3.3057754 0 -300 0
150 140 -3.1584599000000004 0 -300 0
155 140 -3.2439118000000002 0 -300 0
160 140 -3.8719710000000003 0 -300 0
165 140 -4.7907133 0 -300 0
170 140 -5.7914087 0 -300 0
175 140 -6.2056235 0 -300 0
180 140 -6.8000001999999995 0 -300 0
0 145 -7.699999999999999 0 -300 0
5 145 -5.1641633 0 -300 0
10 145 -3.3834672 0 -300 0
15 145 -2.7977131 0 -300 0
20 145 -3.0111152 0 -300 0
25 145 -2.7890895999999996 0 -300 0
30 145 -1.7118582 0 -300 0
35 145 -0.9034694999999999 0 -300 0
40 145 -0.7869454 0 -300 0
45 145 -0.9573608 0 -300 0
50 145 -1.16216 0 -300 0
55 145 -1.3170643000000002 0 -300 0
60 145 -1.02259 0 -300 0
65 145 -0.05868630000000019 0 -300 0
70 145 0.6382840000000001 0 -300 0
75 145 1.2303387 0 -300 0
80 145 1.7208904 0 -300 0
85 145 2.37474272 0 -300 0
90 145 3.0 0 -300 0
95 145 2.67024742 0 -300 0
100 145 2.18708597 0 -300 0
105 145 2.19746706 0 -300 0
110 145 1.6899864 0 -300 0
115 145 0.5612181999999999 0 -300 0
120 145 -1.1512642 0 -300 0
125 145 -2.2662831 0 -300 0
130 145 -2.9145092000000004 0 -300 0
135 145 -3.3489234999999997 0 -300 0
140 145 -3.4530333000000004 0 -300 0
145 145 -3.4229981 0 -300 0
150 145 -3.2534931 0 -300 0
155 145 -3.3420625 0 -300 0
160 145 -4.016909 0 -300 0
165 145 -5.0076819 0 -300 0
170 145 -6.051183999999999 0 -300 0
175 145 -6.3607909 0 -300 0
180 145 -6.8000001999999995 0 -300 0
0 150 -7.699999999999999 0 -300 0
5 150 -5.0586935 0 -300 0
10 150 -3.2484867 0 -300 0
15 150 -2.7197088999999997 0 -300 0
20 150 -3.0428675 0 -300 0
25 150 -2.8749757000000002 0 -300 0
30 150 -1.7470947 0 -300 0
35 150 -0.8891947 0 -300 0
40 150 -0.7715866 0 -300 0
45 150 -0.9832735000000001 0 -300 0
50 150 -1.2574166 0 -300 0
55 150 -1.4250835000000004 0 -300 0
60 150 -1.0743505000000004 0 -300 0
65 150 -0.07462290000000005 0 -300 0
70 150 0.6205310000000002 0 -300 0
75 150 1.2132252 0 -300 0
80 150 1.707236 0 -300 0
85 150 2.36629463 0 -300 0
90 150 3.0 0 -300 0
95 150 2.68041338 0 -300 0
100 150 2.1688792599999998 0 -300 0
105 150 2.18941275 0 -300 0
110 150 1.6647728 0 -300 0
115 150 0.4807838000000002 0 -300 0
120 150 -1.3428328 0 -300 0
125 150 -2.5109351999999996 0 -300 0
130 150 -3.1500221 0 -300 0
135 150 -3.5372689 0 -300 0
140 150 -3.6057561 0 -300 0
145 150 -3.5613395 0 -300 0
150 150 -3.3646342999999996 0 -300 0
155 150 -3.4555195999999997 0 -300 0
160 150 -4.1851364 0 -300 0
165 150 -5.2655262 0 -300 0
170 150 -6.370102899999999 0 -300 0
175 150 -6.554157699999999 0 -300 0
180 150 -6.8000001999999995 0 -300 0
0 155 -7.699999999999999 0 -300 0
5 155 -4.9351813 0 -300 0
10 155 -3.0981965000000002 0 -300 0
15 155 -2.6341346000000003 0 -300 0
20 155 -3.0797280999999996 0 -300 0
25 155 -2.9730008999999997 0 -300 0
30 155 -1.7869256 0 -300 0
35 155 -0.8749761 0 -300 0
40 155 -0.7572309000000002 0 -300 0
45 155 -1.0147994999999996 0 -300 0
50 155 -1.3672718000000001 0 -300 0
55 155 -1.5519403 0 -300 0
60 155 -1.1395472 0 -300 0
65 155 -0.09840310000000008 0 -300 0
70 155 0.5958111000000001 0 -300 0
75 155 1.1897127 0 -300 0
80 155 1.687484 0 -300 0
85 155 2.35349088 0 -300 0
90 155 3.0 0 -300 0
95 155 2.69154674 0 -300 0
100 155 2.14653455 0 -300 0
105 155 2.1801619199999998 0 -300 0
110 155 1.6360909 0 -300 0
115 155 0.388452 0 -300 0
120 155 -1.5680682 0 -300 0
125 155 -2.8027192999999997 0 -300 0
130 155 -3.4317786999999997 0 -300 0
135 155 -3.7631385 0 -300 0
140 155 -3.7885842 0 -300 0
145 155 -3.7255741999999996 0 -300 0
150 155 -3.4954096000000003 0 -300 0
155 155 -3.5878810999999997 0 -300 0
160 155 -4.3832417 0 -300 0
165 155 -5.5788323 0 -300 0
170 155 -6.774083900000001 0 -300 0
175 155 -6.803275299999999 0 -300 0
180 155 -6.8000001999999995 0 -300 0
0 160 -7.699999999999999 0 -300 0
5 160 -4.7868855 0 -300 0
10 160 -2.9284191 0 -300 0
15 160 -2.5390926 0 -300 0
20 160 -3.1228569000000004 0 -300 0
25 160 -3.0861444000000002 0 -300 0
30 160 -1.8322838 0 -300 0
35 160 -0.8607003 0 -300 0
40 160 -0.7438495 0 -300 0
45 160 -1.0528399000000004 0 -300 0
50 160 -1.494955 0 -300 0
55 160 -1.7020052999999997 0 -300 0
60 160 -1.2207479 0 -300 0
65 160 -0.13128729999999988 0 -300 0
70 160 0.5628396000000002 0 -300 0
75 160 1.1584247 0 -300 0
80 160 1.6600489 0 -300 0
85 160 2.3347618 0 -300 0
90 160 3.0 0 -300 0
95 160 2.70417274 0 -300 0
100 160 2.11883722 0 -300 0
105 160 2.16941074 0 -300 0
110 160 1.6031348 0 -300 0
115 160 0.2813631999999999 0 -300 0
120 160 -1.8369178000000002 0 -300 0
125 160 -3.1569604 0 -300 0
130 160 -3.7743842 0 -300 0
135 160 -4.0371339 0 -300 0
140 160 -4.0092997 0 -300 0
145 160 -3.9222403000000003 0 -300 0
150 160 -3.6505758000000004 0 -300 0
155 160 -3.7440271999999997 0 -300 0
160 160 -4.6205906 0 -300 0
165 160 -5.9702383999999995 0 -300 0
170 160 -7.307460000000001 0 -300 0
175 160 -7.138451999999999 0 -300 0
180 160 -6.8000001999999995 0 -300 0
0 165 -7.699999999999999 0 -300 0
5 165 -4.6035011 0 -300 0
10 165 -2.7335193999999996 0 -300 0
15 165 -2.4321155 0 -300 0
20 165 -3.1738125999999998 0 -300 0
25 165 -3.2184388000000004 0 -300 0
30 165 -1.8843774 0 -300 0
35 165 -0.8462367999999998 0 -300 0
40 165 -0.7314265 0 -300 0
45 165 -1.0985645999999996 0 -300 0
50 165 -1.6447883 0 -300 0
55 165 -1.8812593 0 -300 0
60 165 -1.3214398999999997 0 -300 0
65 165 -0.17499300000000018 0 -300 0
70 165 0.5198478999999998 0 -300 0
75 165 1.1174152 0 -300 0
80 165 1.6225671 0 -300 0
85 165 2.30750555 0 -300 0
90 165 3.0 0 -300 0
95 165 2.7191216000000002 0 -300 0
100 165 2.0840066200000003 0 -300 0
105 165 2.1567449 0 -300 0
110 165 1.5648315 0 -300 0
115 165 0.15564929999999988 0 -300 0
120 165 -2.1639077 0 -300 0
125 165 -3.5970581 0 -300 0
130 165 -4.1999876 0 -300 0
135 165 -4.3747898 0 -300 0
140 165 -4.278999 0 -300 0
145 165 -4.1605406 0 -300 0
150 165 -3.8367069000000003 0 -300 0
155 165 -3.9307540999999997 0 -300 0
160 165 -4.9110185 0 -300 0
165 165 -6.477257399999999 0 -300 0
170 165 -8.054347 0 -300 0
175 165 -7.617373000000001 0 -300 0
180 165 -6.8000001999999995 0 -300 0
0 170 -7.699999999999999 0 -300 0
5 170 -4.3683589 0 -300 0
10 170 -2.5056556 0 -300 0
15 170 -2.3099160000000003 0 -300 0
20 170 -3.2347381000000004 0 -300 0
25 170 -3.3754893 0 -300 0
30 170 -1.9447983999999998 0 -300 0
35 170 -0.831432 0 -300 0
40 170 -0.7199615000000001 0 -300 0
45 170 -1.1535101 0 -300 0
50 170 -1.8226944999999999 0 -300 0
55 170 -2.0981153 0 -300 0
60 170 -1.4464496999999996 0 -300 0
65 170 -0.23188830000000005 0 -300 0
70 170 0.4643595999999999 0 -300 0
75 170 1.063868 0 -300 0
80 170 1.5713883 0 -300 0
85 170 2.26711241 0 -300 0
90 170 3.0 0 -300 0
95 170 2.73780819 0 -300 0
100 170 2.03932907 0 -300 0
105 170 2.14158407 0 -300 0
110 170 1.5197202 0 -300 0
115 170 0.005939300000000092 0 -300 0
120 170 -2.5712712 0 -300 0
125 170 -4.1610535 0 -300 0
130 170 -4.744259 0 -300 0
135 170 -4.7999719 0 -300 0
140 170 -4.6141192 0 -300 0
145 170 -4.4538851 0 -300 0
150 170 -4.0631638 0 -300 0
155 170 -4.1578358 0 -300 0
160 170 -5.2759824 0 -300 0
165 170 -7.167973 0 -300 0
170 170 -9.202407 0 -300 0
175 170 -8.366974 0 -300 0
180 170 -6.8000001999999995 0 -300 0
0 175 -7.699999999999999 0 -300 0
5 175 -4.052452 0 -300 0
10 175 -2.2335091 0 -300 0
15 175 -2.1679946 0 -300 0
20 175 -3.3086608 0 -300 0
25 175 -3.565341 0 -300 0
30 175 -2.0156885000000004 0 -300 0
35 175 -0.8160981999999999 0 -300 0
40 175 -0.7094724000000001 0 -300 0
45 175 -1.2197261 0 -300 0
50 175 -2.0370286 0 -300 0
55 175 -2.3648208000000004 0 -300 0
60 175 -1.6026255000000003 0 -300 0
65 175 -0.30529660000000014 0 -300 0
70 175 0.3928254 0 -300 0
75 175 0.9935776000000001 0 -300 0
80 175 1.5006005 0 -300 0
85 175 2.20461369 0 -300 0
90 175 3.0 0 -300 0
95 175 2.76288351 0 -300 0
100 175 1.9804616 0 -300 0
105 175 2.1230892199999998 0 -300 0
110 175 1.4657586 0 -300 0
115 175 -0.1754604999999998 0 -300 0
120 175 -3.0952146000000003 0 -300 0
125 175 -4.9164567 0 -300 0
130 175 -5.4696487000000005 0 -300 0
135 175 -5.351741799999999 0 -300 0
140 175 -5.0402501 0 -300 0
145 175 -4.8227034 0 -300 0
150 175 -4.3437805 0 -300 0
155 175 -4.4399021 0 -300 0
160 175 -5.7509546 0 -300 0
165 175 -8.184125 0 -300 0
170 175 -11.317631 0 -300 0
175 175 -9.745382 0 -300 0
180 175 -6.8000001999999995 0 -300 0
0 180 -7.699999999999999 0 -300 0
5 180 -3.5999999000000003 0 -300 0
10 180 -1.9000000999999997 0 -300 0
15 180 -2.0 0 -300 0
20 180 -3.4000000999999997 0 -300 0
25 180 -3.8000002000000004 0 -300 0
30 180 -2.0999999000000003 0 -300 0
35 180 -0.7999999999999998 0 -300 0
40 180 -0.7000000000000002 0 -300 0
45 180 -1.3000002000000004 0 -300 0
50 180 -2.3000002000000004 0 -300 0
55 180 -2.6999997999999996 0 -300 0
60 180 -1.8000002000000004 0 -300 0
65 180 -0.4000001000000002 0 -300 0
70 180 0.2999999999999998 0 -300 0
75 180 0.9000001000000002 0 -300 0
80 180 1.4 0 -300 0
85 180 2.10000002 0 -300 0
90 180 3.0 0 -300 0
95 180 2.8 0 -300 0
100 180 1.9 0 -300 0
105 180 2.10000002 0 -300 0
110 180 1.4 0 -300 0
115 180 -0.4000001000000002 0 -300 0
120 180 -3.8000002000000004 0 -300 0
125 180 -6.0 0 -300 0
130 180 -6.5 0 -300 0
135 180 -6.100000400000001 0 -300 0
140 180 -5.600000400000001 0 -300 0
145 180 -5.3000001999999995 0 -300 0
150 180 -4.6999998 0 -300 0
155 180 -4.8000002 0 -300 0
160 180 -6.399999599999999 0 -300 0
165 180 -9.9 0 -300 0
170 180 -19.0 0 -300 0
175 180 -13.600000000000001 0 -300 0
180 180 -6.8000001999999995 0 -300 0
0 185 -7.699999999999999 0 -300 0
5 185 -4.052452 0 -300 0
10 185 -2.2335091 0 -300 0
15 185 -2.1679946 0 -300 0
20 185 -3.3086608 0 -300 0
25 185 -3.565341 0 -300 0
30 185 -2.0156885000000004 0 -300 0
35 185 -0.8160981999999999 0 -300 0
40 185 -0.7094724000000001 0 -300 0
45 185 -1.2197261 0 -300 0
50 185 -2.0370286 0 -300 0
55 185 -2.3648208000000004 0 -300 0
60 185 -1.6026255000000003 0 -300 0
65 185 -0.30529660000000014 0 -300 0
70 185 0.3928254 0 -300 0
75 185 0.9935776000000001 0 -300 0
80 185 1.5006005 0 -300 0
85 185 2.20461369 0 -300 0
90 185 3.0 0 -300 0
95 185 2.76288351 0 -300 0
100 185 1.9804616 0 -300 0
105 185 2.1230892199999998 0 -300 0
110 185 1.4657586 0 -300 0
115 185 -0.1754604999999998 0 -300 0
120 185 -3.0952146000000003 0 -300 0
125 185 -4.9164567 0 -300 0
130 185 -5.4696487000000005 0 -300 0
135 185 -5.351741799999999 0 -300 0
140 185 -5.0402501 0 -300 0
145 185 -4.8227034 0 -300 0
150 185 -4.3437805 0 -300 0
155 185 -4.4399021 0 -300 0
160 185 -5.7509546 0 -300 0
165 185 -8.184125 0 -300 0
170 185 -11.317631 0 -300 0
175 185 -9.745382 0 -300 0
180 185 -6.8000001999999995 0 -300 0
0 190 -7.699999999999999 0 -300 0
5 190 -4.3683589 0 -300 0
10 190 -2.5056556 0 -300 0
15 190 -2.3099160000000003 0 -300 0
20 190 -3.2347381000000004 0 -300 0
25 190 -3.3754893 0 -300 0
30 190 -1.9447983999999998 0 -300 0
35 190 -0.831432 0 -300 0
40 190 -0.7199615000000001 0 -300 0
45 190 -1.1535101 0 -300 0
50 190 -1.8226944999999999 0 -300 0
55 190 -2.0981153 0 -300 0
60 190 -1.4464496999999996 0 -300 0
65 190 -0.23188830000000005 0 -300 0
70 190 0.4643595999999999 0 -300 0
75 190 1.063868 0 -300 0
80 190 1.5713883 0 -300 0
85 190 2.26711241 0 -300 0
90 190 3.0 0 -300 0
95 190 2.73780819 0 -300 0
100 190 2.03932907 0 -300 0
105 190 2.14158407 0 -300 0
110 190 1.5197202 0 -300 0
115 190 0.005939300000000092 0 -300 0
120 190 -2.5712712 0 -300 0
125 190 -4.1610535 0 -300 0
130 190 -4.744259 0 -300 0
135 190 -4.7999719 0 -300 0
140 190 -4.6141192 0 -300 0
145 190 -4.4538851 0 -300 0
150 190 -4.0631638 0 -300 0
155 190 -4.1578358 0 -300 0
160 190 -5.2759824 0 -300 0
165 190 -7.167973 0 -300 0
170 190 -9.202407 0 -300 0
175 190 -8.366974 0 -300 0
180 190 -6.8000001999999995 0 -300 0
0 195 -7.699999999999999 0 -300 0
5 195 -4.6035011 0 -300 0
10 195 -2.7335193999999996 0 -300 0
15 195 -2.4321155 0 -300 0
20 195 -3.1738125999999998 0 -300 0
25 195 -3.2184388000000004 0 -300 0
30 195 -1.8843774 0 -300 0
35 195 -0.8462367999999998 0 -300 0
40 195 -0.7314265 0 -300 0
45 195 -1.0985645999999996 0 -300 0
50 195 -1.6447883 0 -300 0
55 195 -1.8812593 0 -300 0
60 195 -1.3214398999999997 0 -300 0
65 195 -0.17499300000000018 0 -300 0
70 195 0.5198478999999998 0 -300 0
75 195 1.1174152 0 -300 0
80 195 1.6225671 0 -300 0
85 195 2.30750555 0 -300 0
90 195 3.0 0 -300 0
95 195 2.7191216000000002 0 -300 0
100 195 2.0840066200000003 0 -300 0
105 195 2.1567449 0 -300 0
110 195 1.5648315 0 -300 0
115 195 0.15564929999999988 0 -300 0
120 195 -2.1639077 0 -300 0
125 195 -3.5970581 0 -300 0
130 195 -4.1999876 0 -300 0
135 195 -4.3747898 0 -300 0
140 195 -4.278999 0 -300 0
145 195 -4.1605406 0 -300 0
150 195 -3.8367069000000003 0 -300 0
155 195 -3.9307540999999997 0 -300 0
160 195 -4.9110185 0 -300 0
165 195 -6.477257399999999 0 -300 0
170 195 -8.054347 0 -300 0
175 195 -7.617373000000001 0 -300 0
180 195 -6.8000001999999995 0 -300 0
0 200 -7.699999999999999 0 -300 0
5 200 -4.7868855 0 -300 0
10 200 -2.9284191 0 -300 0
15 200 -2.5390926 0 -300 0
20 200 -3.1228569000000004 0 -300 0
25 200 -3.0861444000000002 0 -300 0
30 200 -1.8322838 0 -300 0
35 200 -0.8607003 0 -300 0
40 200 -0.7438495 0 -300 0
45 200 -1.0528399000000004 0 -300 0
50 200 -1.494955 0 -300 0
55 200 -1.7020052999999997 0 -300 0
60 200 -1.2207479 0 -300 0
65 200 -0.13128729999999988 0 -300 0
70 200 0.5628396000000002 0 -300 0
75 200 1.1584247 0 -300 0
80 200 1.6600489 0 -300 0
85 200 2.3347618 0 -300 0
90 200 3.0 0 -300 0
95 200 2.70417274 0 -300 0
100 200 2.11883722 0 -300 0
105 200 2.16941074 0 -300 0
110 200 1.6031348 0 -300 0
115 200 0.2813631999999999 0 -300 0
120 200 -1.8369178000000002 0 -300 0
125 200 -3.1569604 0 -300 0
130 200 -3.7743842 0 -300 0
135 200 -4.0371339 0 -300 0
140 200 -4.0092997 0 -300 0
145 200 -3.9222403000000003 0 -300 0
150 200 -3.6505758000000004 0 -300 0
155 200 -3.7440271999999997 0 -300 0
160 200 -4.6205906 0 -300 0
165 200 -5.9702383999999995 0 -300 0
170 200 -7.307460000000001 0 -300 0
175 200 -7.138451999999999 0 -300 0
180 200 -6.8000001999999995 0 -300 0
0 205 -7.699999999999999 0 -300 0
5 205 -4.9351813 0 -300 0
10 205 -3.0981965000000002 0 -300 0
15 205 -2.6341346000000003 0 -300 0
20 205 -3.0797280999999996 0 -300 0
25 205 -2.9730008999999997 0 -300 0
30 205 -1.7869256 0 -300 0
35 205 -0.8749761 0 -300 0
40 205 -0.7572309000000002 0 -300 0
45 205 -1.0147994999999996 0 -300 0
50 205 -1.3672718000000001 0 -300 0
55 205 -1.5519403 0 -300 0
60 205 -1.1395472 0 -300 0
65 205 -0.09840310000000008 0 -300 0
70 205 0.5958111000000001 0 -300 0
75 205 1.1897127 0 -300 0
80 205 1.687484 0 -300 0
85 205 2.35349088 0 -300 0
90 205 3.0 0 -300 0
95 205 2.69154674 0 -300 0
100 205 2.14653455 0 -300 0
105 205 2.1801619199999998 0 -300 0
110 205 1.6360909 0 -300 0
115 205 0.388452 0 -300 0
120 205 -1.5680682 0 -300 0
125 205 -2.8027192999999997 0 -300 0
130 205 -3.4317786999999997 0 -300 0
135 205 -3.7631385 0 -300 0
140 205 -3.7885842 0 -300 0
145 205 -3.7255741999999996 0 -300 0
150 205 -3.4954096000000003 0 -300 0
155 205 -3.5878810999999997 0 -300 0
160 205 -4.3832417 0 -300 0
165 205 -5.5788323 0 -300 0
170 205 -6.774083900000001 0 -300 0
175 205 -6.803275299999999 0 -300 0
180 205 -6.8000001999999995 0 -300 0
0 210 -7.699999999999999 0 -300 0
5 210 -5.0586935 0 -300 0
10 210 -3.2484867 0 -300 0
15 210 -2.7197088999999997 0 -300 0
20 210 -3.0428675 0 -300 0
25 210 -2.8749757000000002 0 -300 0
30 210 -1.7470947 0 -300 0
35 210 -0.8891947 0 -300 0
40 210 -0.7715866 0 -300 0
45 210 -0.9832735000000001 0 -300 0
50 210 -1.2574166 0 -300 0
55 210 -1.4250835000000004 0 -300 0
60 210 -1.0743505000000004 0 -300 0
65 210 -0.07462290000000005 0 -300 0
70 210 0.6205310000000002 0 -300 0
75 210 1.2132252 0 -300 0
80 210 1.707236 0 -300 0
85 210 2.36629463 0 -300 0
90 210 3.0 0 -300 0
95 210 2.68041338 0 -300 0
100 210 2.1688792599999998 0 -300 0
105 210 2.18941275 0 -300 0
110 210 1.6647728 0 -300 0
115 210 0.4807838000000002 0 -300 0
120 210 -1.3428328 0 -300 0
125 210 -2.5109351999999996 0 -300 0
130 210 -3.1500221 0 -300 0
135 210 -3.5372689 0 -300 0
140 210 -3.6057561 0 -300 0
145 210 -3.5613395 0 -300 0
150 210 -3.3646342999999996 0 -300 0
155 210 -3.4555195999999997 0 -300 0
160 210 -4.1851364 0 -300 0
165 210 -5.2655262 0 -300 0
170 210 -6.370102899999999 0 -300 0
175 210 -6.554157699999999 0 -300 0
180 210 -6.8000001999999995 0 -300 0
0 215 -7.699999999999999 0 -300 0
5 215 -5.1641633 0 -300 0
10 215 -3.3834672 0 -300 0
15 215 -2.7977131 0 -300 0
20 215 -3.0111152 0 -300 0
25 215 -2.7890895999999996 0 -300 0
30 215 -1.7118582 0 -300 0
35 215 -0.9034694999999999 0 -300 0
40 215 -0.7869454 0 -300 0
45 215 -0.9573608 0 -300 0
50 215 -1.16216 0 -300 0
55 215 -1.3170643000000002 0 -300 0
60 215 -1.02259 0 -300 0
65 215 -0.05868630000000019 0 -300 0
70 215 0.6382840000000001 0 -300 0
75 215 1.2303387 0 -300 0
80 215 1.7208904 0 -300 0
85 215 2.37474272 0 -300 0
90 215 3.0 0 -300 0
95 215 2.67024742 0 -300 0
100 215 2.18708597 0 -300 0
105 215 2.19746706 0 -300 0
110 215 1.6899864 0 -300 0
115 215 0.5612181999999999 0 -300 0
120 215 -1.1512642 0 -300 0
125 215 -2.2662831 0 -300 0
130 215 -2.9145092000000004 0 -300 0
135 215 -3.3489234999999997 0 -300 0
140 215 -3.4530333000000004 0 -300 0
145 215 -3.4229981 0 -300 0
150 215 -3.2534931 0 -300 0
155 215 -3.3420625 0 -300 0
160 215 -4.016909 0 -300 0
165 215 -5.0076819 0 -300 0
170 215 -6.051183999999999 0 -300 0
175 215 -6.3607909 0 -300 0
180 215 -6.8000001999999995 0 -300 0
0 220 -7.699999999999999 0 -300 0
5 220 -5.256208900000001 0 -300 0
10 220 -3.5063224 0 -300 0
15 220 -2.8696390000000003 0 -300 0
20 220 -2.9835915 0 -300 0
25 220 -2.7130908 0 -300 0
30 220 -1.6804837 0 -300 0
35 220 -0.9179026000000001 0 -300 0
40 220 -0.8033484999999998 0 -300 0
45 220 -0.9363614 0 -300 0
50 220 -1.0790404000000002 0 -300 0
55 220 -1.2246163 0 -300 0
60 220 -0.9823506000000002 0 -300 0
65 220 -0.04966489999999979 0 -300 0
70 220 0.6500121999999999 0 -300 0
75 220 1.242043 0 -300 0
80 220 1.7295369 0 -300 0
85 220 2.37982817 0 -300 0
90 220 3.0 0 -300 0
95 220 2.66069443 0 -300 0
100 220 2.20200919 0 -300 0
105 220 2.20455284 0 -300 0
110 220 1.7123494 0 -300 0
115 220 0.6319157999999998 0 -300 0
120 220 -0.9862942000000001 0 -300 0
125 220 -2.0582405 0 -300 0
130 220 -2.7151628 0 -300 0
135 220 -3.1906008999999997 0 -300 0
140 220 -3.3247935999999996 0 -300 0
145 220 -3.3057754 0 -300 0
150 220 -3.1584599000000004 0 -300 0
155 220 -3.2439118000000002 0 -300 0
160 220 -3.8719710000000003 0 -300 0
165 220 -4.7907133 0 -300 0
170 220 -5.7914087 0 -300 0
175 220 -6.2056235 0 -300 0
180 220 -6.8000001999999995 0 -300 0
0 225 -7.699999999999999 0 -300 0
5 225 -5.3381202000000005 0 -300 0
10 225 -3.6195423 0 -300 0
15 225 -2.9366854 0 -300 0
20 225 -2.9596182000000004 0 -300 0
25 225 -2.6452435000000003 0 -300 0
30 225 -1.6523889 0 -300 0
35 225 -0.9325885999999999 0 -300 0
40 225 -0.8208487999999998 0 -300 0
45 225 -0.9197289 0 -300 0
50 225 -1.0061502000000004 0 -300 0
55 225 -1.1452536000000002 0 -300 0
60 225 -0.9521932999999998 0 -300 0
65 225 -0.04687859999999988 0 -300 0
70 225 0.6564079999999999 0 -300 0
75 225 1.2490554 0 -300 0
80 225 1.7339358 0 -300 0
85 225 2.38219935 0 -300 0
90 225 3.0 0 -300 0
95 225 2.65150073 0 -300 0
100 225 2.21426505 0 -300 0
105 225 2.21084465 0 -300 0
110 225 1.7323432 0 -300 0
115 225 0.6945408 0 -300 0
120 225 -0.8427482 0 -300 0
125 225 -1.8793112 0 -300 0
130 225 -2.5447800000000003 0 -300 0
135 225 -3.0568400000000002 0 -300 0
140 225 -3.2168797 0 -300 0
145 225 -3.2061076 0 -300 0
150 225 -3.0768693000000003 0 -300 0
155 225 -3.1583556 0 -300 0
160 225 -3.7455398000000004 0 -300 0
165 225 -4.6047418 0 -300 0
170 225 -5.5744744 0 -300 0
175 225 -6.077746299999999 0 -300 0
180 225 -6.8000001999999995 0 -300 0
0 230 -7.699999999999999 0 -300 0
5 230 -5.412324699999999 0 -300 0
10 230 -3.725123 0 -300 0
15 230 -2.9998356 0 -300 0
20 230 -2.9386653000000003 0 -300 0
25 230 -2.5841858 0 -300 0
30 230 -1.6271050000000002 0 -300 0
35 230 -0.9476176000000001 0 -300 0
40 230 -0.8395109000000001 0 -300 0
45 230 -0.9070371000000002 0 -300 0
50 230 -0.9419900999999999 0 -300 0
55 230 -1.0770571000000002 0 -300 0
60 230 -0.9310369000000001 0 -300 0
65 230 -0.0498390999999998 0 -300 0
70 230 0.6579761 0 -300 0
75 230 1.2518948 0 -300 0
80 230 1.7346187 0 -300 0
85 230 2.38228661 0 -300 0
90 230 3.0 0 -300 0
95 230 2.64247406 0 -300 0
100 230 2.22430636 0 -300 0
105 230 2.2164785399999998 0 -300 0
110 230 1.7503492 0 -300 0
115 230 0.7503956999999999 0 -300 0
120 230 -0.7167433000000001 0 -300 0
125 230 -1.7239952 0 -300 0
130 230 -2.398066 0 -300 0
135 230 -2.9435767999999998 0 -300 0
140 230 -3.1261621 0 -300 0
145 230 -3.1212881 0 -300 0
150 230 -3.0066743999999996 0 -300 0
155 230 -3.0833120000000003 0 -300 0
160 230 -3.6340512 0 -300 0
165 230 -4.4428067 0 -300 0
170 230 -5.3895467 0 -300 0
175 230 -5.9699986 0 -300 0
180 230 -6.8000001999999995 0 -300 0
0 235 -7.699999999999999 0 -300 0
5 235 -5.4806732 0 -300 0
10 235 -3.8247049000000004 0 -300 0
15 235 -3.0599146 0 -300 0
20 235 -2.9203140999999997 0 -300 0
25 235 -2.5288331 0 -300 0
30 235 -1.6042503000000004 0 -300 0
35 235 -0.9630779999999999 0 -300 0
40 235 -0.8594116 0 -300 0
45 235 -0.8979556 0 -300 0
50 235 -0.8853683000000001 0 -300 0
55 235 -1.0185282000000004 0 -300 0
60 235 -0.9180769 0 -300 0
65 235 -0.058210900000000176 0 -300 0
70 235 0.6550748999999998 0 -300 0
75 235 1.2509305 0 -300 0
80 235 1.7319518 0 -300 0
85 235 2.38037481 0 -300 0
90 235 3.0 0 -300 0
95 235 2.63346014 0 -300 0
100 235 2.2324705700000003 0 -300 0
105 235 2.22156224 0 -300 0
110 235 1.7666734 0 -300 0
115 235 0.8005152 0 -300 0
120 235 -0.6053054000000002 0 -300 0
125 235 -1.5881583 0 -300 0
130 235 -2.27104 0 -300 0
135 235 -2.847735 0 -300 0
140 235 -3.0502542000000004 0 -300 0
145 235 -3.0492346 0 -300 0
150 235 -2.9462834000000004 0 -300 0
155 235 -3.0171579 0 -300 0
160 235 -3.5347888999999997 0 -300 0
165 235 -4.2998409 0 -300 0
170 235 -5.2291062 0 -300 0
175 235 -5.8774707 0 -300 0
180 235 -6.8000001999999995 0 -300 0
0 240 -7.699999999999999 0 -300 0
5 240 -5.5446235999999995 0 -300 0
10 240 -3.9196711000000004 0 -300 0
15 240 -3.1176294999999996 0 -300 0
20 240 -2.9042310999999996 0 -300 0
25 240 -2.4783086 0 -300 0
30 240 -1.5835116999999999 0 -300 0
35 240 -0.9790583000000002 0 -300 0
40 240 -0.8806409 0 -300 0
45 240 -0.8922322 0 -300 0
50 240 -0.8353285000000001 0 -300 0
55 240 -0.9684883000000002 0 -300 0
60 240 -0.9127291 0 -300 0
65 240 -0.07178560000000012 0 -300 0
70 240 0.6479455999999999 0 -300 0
75 240 1.2464156 0 -300 0
80 240 1.726177 0 -300 0
85 240 2.37664662 0 -300 0
90 240 3.0 0 -300 0
95 240 2.62432776 0 -300 0
100 240 2.2390112 0 -300 0
105 240 2.22618233 0 -300 0
110 240 1.7815648 0 -300 0
115 240 0.8457314 0 -300 0
120 240 -0.506116 0 -300 0
125 240 -1.4686312 0 -300 0
130 240 -2.1606544000000003 0 -300 0
135 240 -2.7669577 0 -300 0
140 240 -2.9873211 0 -300 0
145 240 -2.9883303000000003 0 -300 0
150 240 -2.8944476999999997 0 -300 0
155 240 -2.9586107999999998 0 -300 0
160 240 -3.4456423000000003 0 -300 0
165 240 -4.1720523 0 -300 0
170 240 -5.0877444 0 -300 0
175 240 -5.796671399999999 0 -300 0
180 240 -6.8000001999999995 0 -300 0
0 245 -7.699999999999999 0 -300 0
5 245 -5.6053630000000005 0 -300 0
10 245 -4.0112202 0 -300 0
15 245 -3.1736018 0 -300 0
20 245 -2.8901488000000004 0 -300 0
25 245 -2.4318945000000003 0 -300 0
30 245 -1.5646294000000003 0 -300 0
35 245 -0.9956497 0 -300 0
40 245 -0.9033028000000001 0 -300 0
45 245 -0.8896798000000001 0 -300 0
50 245 -0.7910976999999999 0 -300 0
55 245 -0.9260060999999999 0 -300 0
60 245 -0.9145908 0 -300 0
65 245 -0.0904638000000002 0 -300 0
70 245 0.6367313000000001 0 -300 0
75 245 1.2385084 0 -300 0
80 245 1.7174382 0 -300 0
85 245 2.3712088700000002 0 -300 0
90 245 3.0 0 -300 0
95 245 2.6149588 0 -300 0
100 245 2.24411902 0 -300 0
105 245 2.23040935 0 -300 0
110 245 1.7952283 0 -300 0
115 245 0.8867213 0 -300 0
120 245 -0.4173404999999999 0 -300 0
125 245 -1.3629438 0 -300 0
130 245 -2.0645429 0 -300 0
135 245 -2.6994262000000004 0 -300 0
140 245 -2.9359488999999996 0 -300 0
145 245 -2.9373145000000003 0 -300 0
150 245 -2.8501823 0 -300 0
155 245 -2.9066470000000004 0 -300 0
160 245 -3.3649419 0 -300 0
165 245 -4.0565331 0 -300 0
170 245 -4.9614515 0 -300 0
175 245 -5.725039000000001 0 -300 0
180 245 -6.8000001999999995 0 -300 0
0 250 -7.699999999999999 0 -300 0
5 250 -5.663893099999999 0 -300 0
10 250 -4.1004227 0 -300 0
15 250 -3.2283917000000004 0 -300 0
20 250 -2.8778522000000004 0 -300 0
25 250 -2.3889956000000003 0 -300 0
30 250 -1.5473872000000002 0 -300 0
35 250 -1.0129475000000001 0 -300 0
40 250 -0.9275175999999998 0 -300 0
45 250 -0.8901677000000001 0 -300 0
50 250 -0.7520487999999999 0 -300 0
55 250 -0.8903471000000001 0 -300 0
60 250 -0.9234141 0 -300 0
65 250 -0.1142449000000001 0 -300 0
70 250 0.6214892000000001 0 -300 0
75 250 1.2272869 0 -300 0
80 250 1.7057976 0 -300 0
85 250 2.36410853 0 -300 0
90 250 3.0 0 -300 0
95 250 2.6052409499999998 0 -300 0
100 250 2.24793655 0 -300 0
105 250 2.23430151 0 -300 0
110 250 1.8078346 0 -300 0
115 250 0.9240411000000002 0 -300 0
120 250 -0.3375083000000001 0 -300 0
125 250 -1.2691448999999997 0 -300 0
130 250 -1.980848 0 -300 0
135 250 -2.6437349 0 -300 0
140 250 -2.8950525999999996 0 -300 0
145 250 -2.8952049000000004 0 -300 0
150 250 -2.8127095000000004 0 -300 0
155 250 -2.860442 0 -300 0
160 250 -3.2913468999999997 0 -300 0
165 250 -3.9510044000000004 0 -300 0
170 250 -4.8471733 0 -300 0
175 250 -5.6606395 0 -300 0
180 250 -6.8000001999999995 0 -300 0
0 255 -7.699999999999999 0 -300 0
5 255 -5.7210923000000005 0 -300 0
10 255 -4.1882649 0 -300 0
15 255 -3.2825185 0 -300 0
20 255 -2.8671686000000003 0 -300 0
25 255 -2.3491125000000004 0 -300 0
30 255 -1.5316032999999996 0 -300 0
35 255 -1.0310533 0 -300 0
40 255 -0.9534232 0 -300 0
45 255 -0.8936145999999998 0 -300 0
50 255 -0.7176716999999999 0 -300 0
55 255 -0.8609353 0 -300 0
60 255 -0.9390895000000001 0 -300 0
65 255 -0.14322180000000007 0 -300 0
70 255 0.6021985000000001 0 -300 0
75 255 1.2127576 0 -300 0
80 255 1.6912459 0 -300 0
85 255 2.35534206 0 -300 0
90 255 3.0 0 -300 0
95 255 2.59506189 0 -300 0
100 255 2.2505679499999998 0 -300 0
105 255 2.23790748 0 -300 0
110 255 1.8195273 0 -300 0
115 255 0.9581518 0 -300 0
120 255 -0.2654277999999999 0 -300 0
125 255 -1.1856764000000002 0 -300 0
130 255 -1.9081016000000002 0 -300 0
135 255 -2.5988040000000003 0 -300 0
140 255 -2.8638122 0 -300 0
145 255 -2.8612423 0 -300 0
150 255 -2.7814176 0 -300 0
155 255 -2.8193279999999996 0 -300 0
160 255 -3.223764 0 -300 0
165 255 -3.8536431 0 -300 0
170 255 -4.7425256 0 -300 0
175 255 -5.601973900000001 0 -300 0
180 255 -6.8000001999999995 0 -300 0
0 260 -7.699999999999999 0 -300 0
5 260 -5.7777636999999995 0 -300 0
10 260 -4.275688 0 -300 0
15 260 -3.3364775 0 -300 0
20 260 -2.8579597999999997 0 -300 0
25 260 -2.3118211000000004 0 -300 0
30 260 -1.5171245000000004 0 -300 0
35 260 -1.0500772999999999 0 -300 0
40 260 -0.9811785 0 -300 0
45 260 -0.8999847000000001 0 -300 0
50 260 -0.6875521999999998 0 -300 0
55 260 -0.8373263 0 -300 0
60 260 -0.9616361000000002 0 -300 0
65 260 -0.17757980000000018 0 -300 0
70 260 0.5787634000000001 0 -300 0
75 260 1.1948601 0 -300 0
80 260 1.6737068 0 -300 0
85 260 2.34486003 0 -300 0
90 260 3.0 0 -300 0
95 260 2.58430428 0 -300 0
100 260 2.25208587 0 -300 0
105 260 2.24126848 0 -300 0
110 260 1.8304284 0 -300 0
115 260 0.9894390999999998 0 -300 0
120 260 -0.2001240000000002 0 -300 0
125 260 -1.1112836000000001 0 -300 0
130 260 -1.8451399000000004 0 -300 0
135 260 -2.5638175 0 -300 0
140 260 -2.8416273 0 -300 0
145 260 -2.8348513000000004 0 -300 0
150 260 -2.755832 0 -300 0
155 260 -2.7827618999999997 0 -300 0
160 260 -3.1612891999999997 0 -300 0
165 260 -3.7629614 0 -300 0
170 260 -4.6456022 0 -300 0
175 260 -5.547849299999999 0 -300 0
180 260 -6.8000001999999995 0 -300 0
0 265 -7.699999999999999 0 -300 0
5 265 -5.8346746 0 -300 0
10 265 -4.363622 0 -300 0
15 265 -3.3907556999999997 0 -300 0
20 265 -2.850117 0 -300 0
25 265 -2.2767565000000003 0 -300 0
30 265 -1.5038210000000003 0 -300 0
35 265 -1.0701400000000003 0 -300 0
40 265 -1.0109662000000004 0 -300 0
45 265 -0.9092850000000001 0 -300 0
50 265 -0.6613563999999998 0 -300 0
55 265 -0.8191879000000002 0 -300 0
60 265 -0.9911984 0 -300 0
65 265 -0.2176007000000002 0 -300 0
70 265 0.5510120999999999 0 -300 0
75 265 1.1734677 0 -300 0
80 265 1.6530378 0 -300 0
85 265 2.33256811 0 -300 0
90 265 3.0 0 -300 0
95 265 2.57284088 0 -300 0
100 265 2.25253603 0 -300 0
105 265 2.2444198699999998 0 -300 0
110 265 1.8406432 0 -300 0
115 265 1.0182272 0 -300 0
120 265 -0.14079340000000018 0 -300 0
125 265 -1.0449504000000003 0 -300 0
130 265 -1.791042 0 -300 0
135 265 -2.5381799000000003 0 -300 0
140 265 -2.828086 0 -300 0
145 265 -2.8156122999999997 0 -300 0
150 265 -2.7355928 0 -300 0
155 265 -2.7503019 0 -300 0
160 265 -3.1031649000000003 0 -300 0
165 265 -3.6777208000000003 0 -300 0
170 265 -4.5548428 0 -300 0
175 265 -5.4972908 0 -300 0
180 265 -6.8000001999999995 0 -300 0
0 270 -7.699999999999999 0 -300 0
5 270 -5.892591899999999 0 -300 0
10 270 -4.4530202 0 -300 0
15 270 -3.4458466000000003 0 -300 0
20 270 -2.8435563000000004 0 -300 0
25 270 -2.2436011000000002 0 -300 0
30 270 -1.4915826 0 -300 0
35 270 -1.0913753000000002 0 -300 0
40 270 -1.0429972000000003 0 -300 0
45 270 -0.9215650000000002 0 -300 0
50 270 -0.6388186 0 -300 0
55 270 -0.8062859000000002 0 -300 0
60 270 -1.0280497000000004 0 -300 0
65 270 -0.2636706000000002 0 -300 0
70 270 0.5186937 0 -300 0
75 270 1.148385 0 -300 0
80 270 1.6290264 0 -300 0
85 270 2.31832491 0 -300 0
90 270 3.0 0 -300 0
95 270 2.56052935 0 -300 0
100 270 2.25193997 0 -300 0
105 270 2.24739244 0 -300 0
110 270 1.8502633 0 -300 0
115 270 1.044791 0 -300 0
120 270 -0.08676940000000011 0 -300 0
125 270 -0.9858517999999998 0 -300 0
130 270 -1.7450861 0 -300 0
135 270 -2.5214869999999996 0 -300 0
140 270 -2.8229439999999997 0 -300 0
145 270 -2.8032421000000003 0 -300 0
150 270 -2.7204403 0 -300 0
155 270 -2.7215901000000002 0 -300 0
160 270 -3.0487466999999997 0 -300 0
165 270 -3.5968685999999996 0 -300 0
170 270 -4.4689384 0 -300 0
175 270 -5.449477999999999 0 -300 0
180 270 -6.8000001999999995 0 -300 0
0 275 -7.699999999999999 0 -300 0
5 275 -5.9523171 0 -300 0
10 275 -4.5448945 0 -300 0
15 275 -3.5022656999999997 0 -300 0
20 275 -2.838216 0 -300 0
25 275 -2.2120745 0 -300 0
30 275 -1.4803157999999996 0 -300 0
35 275 -1.1139333000000002 0 -300 0
40 275 -1.0775154000000002 0 -300 0
45 275 -0.9369170000000002 0 -300 0
50 275 -0.6197327000000001 0 -300 0
55 275 -0.7984754999999999 0 -300 0
60 275 -1.0726011 0 -300 0
65 275 -0.31629320000000005 0 -300 0
70 275 0.4814693000000001 0 -300 0
75 275 1.1193417 0 -300 0
80 275 1.6013833 0 -300 0
85 275 2.30193668 0 -300 0
90 275 3.0 0 -300 0
95 275 2.54720624 0 -300 0
100 275 2.2502965 0 -300 0
105 275 2.25021343 0 -300 0
110 275 1.8593693 0 -300 0
115 275 1.0693647 0 -300 0
120 275 -0.03749640000000021 0 -300 0
125 275 -0.9333186000000002 0 -300 0
130 275 -1.7067170999999997 0 -300 0
135 275 -2.5135064 0 -300 0
140 275 -2.8261135 0 -300 0
145 275 -2.7975819 0 -300 0
150 275 -2.7102041999999997 0 -300 0
155 275 -2.6963391999999997 0 -300 0
160 275 -2.9974792 0 -300 0
165 275 -3.5194903999999996 0 -300 0
170 275 -4.3867615 0 -300 0
175 275 -5.403698199999999 0 -300 0
180 275 -6.8000001999999995 0 -300 0
0 280 -7.699999999999999 0 -300 0
5 280 -6.0147245 0 -300 0
10 280 -4.6403564 0 -300 0
15 280 -3.5605664 0 -300 0
20 280 -2.8340547999999997 0 -300 0
25 280 -2.1819252999999996 0 -300 0
30 280 -1.4699409 0 -300 0
35 280 -1.1379839 0 -300 0
40 280 -1.1148043000000003 0 -300 0
45 280 -0.9554787999999999 0 -300 0
50 280 -0.6039454000000002 0 -300 0
55 280 -0.7956954 0 -300 0
60 280 -1.1254172999999996 0 -300 0
65 280 -0.3761087999999999 0 -300 0
70 280 0.4389004000000001 0 -300 0
75 280 1.0859828 0 -300 0
80 280 1.5697303 0 -300 0
85 280 2.28314838 0 -300 0
90 280 3.0 0 -300 0
95 280 2.53267972 0 -300 0
100 280 2.24758184 0 -300 0
105 280 2.25290734 0 -300 0
110 280 1.8680335 0 -300 0
115 280 1.0921485 0 -300 0
120 280 0.007489599999999985 0 -300 0
125 280 -0.8868114 0 -300 0
130 280 -1.6755244999999999 0 -300 0
135 280 -2.5141677 0 -300 0
140 280 -2.8376587000000004 0 -300 0
145 280 -2.7985905000000004 0 -300 0
150 280 -2.7047980000000003 0 -300 0
155 280 -2.6743229 0 -300 0
160 280 -2.9488754999999998 0 -300 0
165 280 -3.4447729000000002 0 -300 0
170 280 -4.3073128 0 -300 0
175 280 -5.359310000000001 0 -300 0
180 280 -6.8000001999999995 0 -300 0
0 285 -7.699999999999999 0 -300 0
5 285 -6.080805399999999 0 -300 0
10 285 -4.7406666 0 -300 0
15 285 -3.6213599 0 -300 0
20 285 -2.8310503999999996 0 -300 0
25 285 -2.1529244 0 -300 0
30 285 -1.4603907999999999 0 -300 0
35 285 -1.1637209999999998 0 -300 0
40 285 -1.1551944 0 -300 0
45 285 -0.9774375000000002 0 -300 0
50 285 -0.5913528000000001 0 -300 0
55 285 -0.7979666000000001 0 -300 0
60 285 -1.1872406 0 -300 0
65 285 -0.4439206000000002 0 -300 0
70 285 0.39043170000000016 0 -300 0
75 285 1.0478538 0 -300 0
80 285 1.5335828 0 -300 0
85 285 2.26163037 0 -300 0
90 285 3.0 0 -300 0
95 285 2.51672024 0 -300 0
100 285 2.24374854 0 -300 0
105 285 2.25549665 0 -300 0
110 285 1.8763214 0 -300 0
115 285 1.1133145 0 -300 0
120 285 0.04857610000000001 0 -300 0
125 285 -0.8459012000000001 0 -300 0
130 285 -1.6512266000000002 0 -300 0
135 285 -2.5235597 0 -300 0
140 285 -2.8577988000000003 0 -300 0
145 285 -2.8063439 0 -300 0
150 285 -2.7042157 0 -300 0
155 285 -2.6553689 0 -300 0
160 285 -2.9025017 0 -300 0
165 285 -3.3719731 0 -300 0
170 285 -4.2296784 0 -300 0
175 285 -5.315712100000001 0 -300 0
180 285 -6.8000001999999995 0 -300 0
0 290 -7.699999999999999 0 -300 0
5 290 -6.151725300000001 0 -300 0
10 290 -4.8472976 0 -300 0
15 290 -3.6853378 0 -300 0
20 290 -2.8291994999999996 0 -300 0
25 290 -2.1248591 0 -300 0
30 290 -1.4516090000000004 0 -300 0
35 290 -1.1913681 0 -300 0
40 290 -1.1990740000000004 0 -300 0
45 290 -1.0030359999999998 0 -300 0
50 290 -0.5818973999999999 0 -300 0
55 290 -0.8053938999999999 0 -300 0
60 290 -1.2590256999999996 0 -300 0
65 290 -0.5207318000000001 0 -300 0
70 290 0.3353663 0 -300 0
75 290 1.0043807 0 -300 0
80 290 1.4923255 0 -300 0
85 290 2.23695915 0 -300 0
90 290 3.0 0 -300 0
95 290 2.49904824 0 -300 0
100 290 2.23872304 0 -300 0
105 290 2.25800248 0 -300 0
110 290 1.8842936 0 -300 0
115 290 1.1330111 0 -300 0
120 290 0.08608599999999988 0 -300 0
125 290 -0.8102556000000001 0 -300 0
130 290 -1.6336617999999996 0 -300 0
135 290 -2.5419362999999997 0 -300 0
140 290 -2.8869192000000004 0 -300 0
145 290 -2.8210385999999996 0 -300 0
150 290 -2.7085333 0 -300 0
155 290 -2.6393544999999996 0 -300 0
160 290 -2.8579634 0 -300 0
165 290 -3.3003935999999996 0 -300 0
170 290 -4.1529936 0 -300 0
175 290 -5.272316399999999 0 -300 0
180 290 -6.8000001999999995 0 -300 0
0 295 -7.699999999999999 0 -300 0
5 295 -6.2288993999999995 0 -300 0
10 295 -4.9620176 0 -300 0
15 295 -3.7533008 0 -300 0
20 295 -2.828518 0 -300 0
25 295 -2.0975278 0 -300 0
30 295 -1.4435488000000003 0 -300 0
35 295 -1.2211844999999997 0 -300 0
40 295 -1.2469010999999997 0 -300 0
45 295 -1.0325807999999999 0 -300 0
50 295 -0.5755678999999998 0 -300 0
55 295 -0.8181714000000002 0 -300 0
60 295 -1.3419872000000002 0 -300 0
65 295 -0.6077952 0 -300 0
70 295 0.27283310000000016 0 -300 0
75 295 0.9548409000000002 0 -300 0
80 295 1.4451773 0 -300 0
85 295 2.20858977 0 -300 0
90 295 3.0 0 -300 0
95 295 2.47931741 0 -300 0
100 295 2.23240171 0 -300 0
105 295 2.2604451599999997 0 -300 0
110 295 1.8920073 0 -300 0
115 295 1.1513662 0 -300 0
120 295 0.12028619999999979 0 -300 0
125 295 -0.7796287999999998 0 -300 0
130 295 -1.6227849 0 -300 0
135 295 -2.5697298 0 -300 0
140 295 -2.9255902999999996 0 -300 0
145 295 -2.8430022 0 -300 0
150 295 -2.7179130999999996 0 -300 0
155 295 -2.6262038 0 -300 0
160 295 -2.8148948999999996 0 -300 0
165 295 -3.2293591 0 -300 0
170 295 -4.0764097 0 -300 0
175 295 -5.228520700000001 0 -300 0
180 295 -6.8000001999999995 0 -300 0
0 300 -7.699999999999999 0 -300 0
5 300 -6.3140985 0 -300 0
10 300 -5.087006499999999 0 -300 0
15 300 -3.8261969999999996 0 -300 0
20 300 -2.8290426999999996 0 -300 0
25 300 -2.0707353 0 -300 0
30 300 -1.4361723 0 -300 0
35 300 -1.2534739999999998 0 -300 0
40 300 -1.2992203 0 -300 0
45 300 -1.0664539 0 -300 0
50 300 -0.5723999000000002 0 -300 0
55 300 -0.8365920999999998 0 -300 0
60 300 -1.4376673999999996 0 -300 0
65 300 -0.7066824999999999 0 -300 0
70 300 0.20174119999999984 0 -300 0
75 300 0.8983246999999999 0 -300 0
80 300 1.391143 0 -300 0
85 300 2.17581612 0 -300 0
90 300 3.0 0 -300 0
95 300 2.45709145 0 -300 0
100 300 2.22464485 0 -300 0
105 300 2.2628448199999998 0 -300 0
110 300 1.8995175 0 -300 0
115 300 1.16849 0 -300 0
120 300 0.15139389999999997 0 -300 0
125 300 -0.7538564999999999 0 -300 0
130 300 -1.6186679000000002 0 -300 0
135 300 -2.6075741 0 -300 0
140 300 -2.9745973 0 -300 0
145 300 -2.8727099999999997 0 -300 0
150 300 -2.7326119999999996 0 -300 0
155 300 -2.6158874 0 -300 0
160 300 -2.7729480000000004 0 -300 0
165 300 -3.158195 0 -300 0
170 300 -3.9990622 0 -300 0
175 300 -5.183678499999999 0 -300 0
180 300 -6.8000001999999995 0 -300 0
0 305 -7.699999999999999 0 -300 0
5 305 -6.409604 0 -300 0
10 305 -5.2250213 0 -300 0
15 305 -3.9051713 0 -300 0
20 305 -2.8308336 0 -300 0
25 305 -2.0442874 0 -300 0
30 305 -1.4294501000000004 0 -300 0
35 305 -1.2885952999999999 0 -300 0
40 305 -1.3566836999999996 0 -300 0
45 305 -1.1051276000000003 0 -300 0
50 305 -0.5724797000000001 0 -300 0
55 305 -0.8610617999999999 0 -300 0
60 305 -1.5480302999999997 0 -300 0
65 305 -0.8193804 0 -300 0
70 305 0.12071729999999992 0 -300 0
75 305 0.8336804 0 -300 0
80 305 1.3289442 0 -300 0
85 305 2.13771299 0 -300 0
90 305 3.0 0 -300 0
95 305 2.43181089 0 -300 0
100 305 2.215268 0 -300 0
105 305 2.26522202 0 -300 0
110 305 1.906879 0 -300 0
115 305 1.1844777 0 -300 0
120 305 0.17958169999999996 0 -300 0
125 305 -0.7328527999999999 0 -300 0
130 305 -1.6215080000000004 0 -300 0
135 305 -2.6563397999999996 0 -300 0
140 305 -3.0349835 0 -300 0
145 305 -2.9108090000000004 0 -300 0
150 305 -2.7529950999999997 0 -300 0
155 305 -2.6084233 0 -300 0
160 305 -2.7317831000000004 0 -300 0
165 305 -3.0862052 0 -300 0
170 305 -3.9200366000000004 0 -300 0
175 305 -5.137064199999999 0 -300 0
180 305 -6.8000001999999995 0 -300 0
0 310 -7.699999999999999 0 -300 0
5 310 -6.5184408000000005 0 -300 0
10 310 -5.3796403999999995 0 -300 0
15 310 -3.9916348 0 -300 0
20 310 -2.8339771999999996 0 -300 0
25 310 -2.0179862999999996 0 -300 0
30 310 -1.4233608000000002 0 -300 0
35 310 -1.3269756 0 -300 0
40 310 -1.4200790000000003 0 -300 0
45 310 -1.1491850000000001 0 -300 0
50 310 -0.5759487000000001 0 -300 0
55 310 -0.8921201000000001 0 -300 0
60 310 -1.6755953999999997 0 -300 0
65 310 -0.9484276999999999 0 -300 0
70 310 0.028017300000000134 0 -300 0
75 310 0.7594373000000001 0 -300 0
80 310 1.2569193 0 -300 0
85 310 2.09304962 0 -300 0
90 310 3.0 0 -300 0
95 310 2.40274444 0 -300 0
100 310 2.2040295199999997 0 -300 0
105 310 2.2675984700000003 0 -300 0
110 310 1.914147 0 -300 0
115 310 1.1994104 0 -300 0
120 310 0.2049799000000001 0 -300 0
125 310 -0.7166112999999998 0 -300 0
130 310 -1.6316398999999997 0 -300 0
135 310 -2.7171858 0 -300 0
140 310 -3.108112 0 -300 0
145 310 -2.9581540000000004 0 -300 0
150 310 -2.7795547999999997 0 -300 0
155 310 -2.6038809 0 -300 0
160 310 -2.6910587 0 -300 0
165 310 -3.0126475 0 -300 0
170 310 -3.8383287 0 -300 0
175 310 -5.087827600000001 0 -300 0
180 310 -6.8000001999999995 0 -300 0
0 315 -7.699999999999999 0 -300 0
5 315 -6.6447442 0 -300 0
10 315 -5.5556368 0 -300 0
15 315 -4.0873619 0 -300 0
20 315 -2.8385917999999997 0 -300 0
25 315 -1.9916245999999997 0 -300 0
30 315 -1.4178916 0 -300 0
35 315 -1.3691287 0 -300 0
40 315 -1.4903665999999998 0 -300 0
45 315 -1.1993470000000004 0 -300 0
50 315 -0.5830118 0 -300 0
55 315 -0.930469 0 -300 0
60 315 -1.8236318000000002 0 -300 0
65 315 -1.0971134999999999 0 -300 0
70 315 -0.0785992000000002 0 -300 0
75 315 0.6736952 0 -300 0
80 315 1.1728754 0 -300 0
85 315 2.04015743 0 -300 0
90 315 3.0 0 -300 0
95 315 2.36891592 0 -300 0
100 315 2.19061267 0 -300 0
105 315 2.26999782 0 -300 0
110 315 1.9213799 0 -300 0
115 315 1.2133573 0 -300 0
120 315 0.22767809999999988 0 -300 0
125 315 -0.7052098 0 -300 0
130 315 -1.6495575000000002 0 -300 0
135 315 -2.7916318 0 -300 0
140 315 -3.195753 0 -300 0
145 315 -3.0158574 0 -300 0
150 315 -2.8129378999999997 0 -300 0
155 315 -2.6023870000000002 0 -300 0
160 315 -2.6504208 0 -300 0
165 315 -2.936706 0 -300 0
170 315 -3.7527975 0 -300 0
175 315 -5.034931 0 -300 0
180 315 -6.8000001999999995 0 -300 0
0 320 -7.699999999999999 0 -300 0
5 320 -6.794361200000001 0 -300 0
10 320 -5.759572199999999 0 -300 0
15 320 -4.1946296 0 -300 0
20 320 -2.8448352000000003 0 -300 0
25 320 -1.9649786999999996 0 -300 0
30 320 -1.4130380999999996 0 -300 0
35 320 -1.4156784 0 -300 0
40 320 -1.5687297999999998 0 -300 0
45 320 -1.2565090999999997 0 -300 0
50 320 -0.5939481999999998 0 -300 0
55 320 -0.9770135999999998 0 -300 0
60 320 -1.9964461 0 -300 0
65 320 -1.2697728000000001 0 -300 0
70 320 -0.20205170000000017 0 -300 0
75 320 0.5739630999999998 0 -300 0
80 320 1.0738651 0 -300 0
85 320 1.9767212 0 -300 0
90 320 3.0 0 -300 0
95 320 2.32899046 0 -300 0
100 320 2.17459946 0 -300 0
105 320 2.27244679 0 -300 0
110 320 1.9286404 0 -300 0
115 320 1.2263755 0 -300 0
120 320 0.24772490000000014 0 -300 0
125 320 -0.6988191000000001 0 -300 0
130 320 -1.6759443000000003 0 -300 0
135 320 -2.8816629999999996 0 -300 0
140 320 -3.3002095000000002 0 -300 0
145 320 -3.0853595 0 -300 0
150 320 -2.8539844 0 -300 0
155 320 -2.6041350000000003 0 -300 0
160 320 -2.6094909 0 -300 0
165 320 -2.857456 0 -300 0
170 320 -3.6621028000000004 0 -300 0
175 320 -4.9770601 0 -300 0
180 320 -6.8000001999999995 0 -300 0
0 325 -7.699999999999999 0 -300 0
5 325 -6.9758862 0 -300 0
10 325 -6.0007822 0 -300 0
15 325 -4.3164268 0 -300 0
20 325 -2.8529146 0 -300 0
25 325 -1.9378009 0 -300 0
30 325 -1.4088054000000003 0 -300 0
35 325 -1.4673908000000004 0 -300 0
40 325 -1.6566438000000003 0 -300 0
45 325 -1.3217916 0 -300 0
50 325 -0.6091278 0 -300 0
55 325 -1.0329177999999999 0 -300 0
60 325 -2.1998226 0 -300 0
65 325 -1.4722385999999998 0 -300 0
70 325 -0.34621309999999994 0 -300 0
75 325 0.45691479999999984 0 -300 0
80 325 0.9558355999999999 0 -300 0
85 325 1.8994366 0 -300 0
90 325 3.0 0 -300 0
95 325 2.28109143 0 -300 0
100 325 2.1554318500000003 0 -300 0
105 325 2.27497651 0 -300 0
110 325 1.9359985 0 -300 0
115 325 1.2385115 0 -300 0
120 325 0.2651249 0 -300 0
125 325 -0.6977171000000002 0 -300 0
130 325 -1.7117180000000003 0 -300 0
135 325 -2.9898811 0 -300 0
140 325 -3.4244994999999996 0 -300 0
145 325 -3.1685289 0 -300 0
150 325 -2.9037810000000004 0 -300 0
155 325 -2.6093995000000003 0 -300 0
160 325 -2.5678508000000004 0 -300 0
165 325 -2.7738204 0 -300 0
170 325 -3.5646217 0 -300 0
175 325 -4.912488 0 -300 0
180 325 -6.8000001999999995 0 -300 0
0 330 -7.699999999999999 0 -300 0
5 330 -7.202555 0 -300 0
10 330 -6.2931071 0 -300 0
15 330 -4.4567727 0 -300 0
20 330 -2.8631012 0 -300 0
25 330 -1.9098094999999997 0 -300 0
30 330 -1.4052094000000004 0 -300 0
35 330 -1.5252172000000002 0 -300 0
40 330 -1.7559731000000003 0 -300 0
45 330 -1.3966091 0 -300 0
50 330 -0.6290322000000002 0 -300 0
55 330 -1.0996841000000002 0 -300 0
60 330 -2.4417198000000004 0 -300 0
65 330 -1.7125637999999999 0 -300 0
70 330 -0.5163319999999998 0 -300 0
75 330 0.31801140000000006 0 -300 0
80 330 0.8130592000000001 0 -300 0
85 330 1.8034215 0 -300 0
90 330 3.0 0 -300 0
95 330 2.22249226 0 -300 0
100 330 2.13235268 0 -300 0
105 330 2.27762451 0 -300 0
110 330 1.9435349 0 -300 0
115 330 1.2498004 0 -300 0
120 330 0.2798346999999999 0 -300 0
125 330 -0.7023100000000002 0 -300 0
130 330 -1.7580939000000004 0 -300 0
135 330 -3.1197274000000004 0 -300 0
140 330 -3.5726274 0 -300 0
145 330 -3.2678078 0 -300 0
150 330 -2.9637373 0 -300 0
155 330 -2.6185555999999997 0 -300 0
160 330 -2.5250237999999996 0 -300 0
165 330 -2.6845103000000003 0 -300 0
170 330 -3.4583307999999997 0 -300 0
175 330 -4.8388619 0 -300 0
180 330 -6.8000001999999995 0 -300 0
0 335 -7.699999999999999 0 -300 0
5 335 -7.495984 0 -300 0
10 335 -6.658137999999999 0 -300 0
15 335 -4.6212253 0 -300 0
20 335 -2.8757520000000003 0 -300 0
25 335 -1.880675 0 -300 0
30 335 -1.4022787 0 -300 0
35 335 -1.5903555000000003 0 -300 0
40 335 -1.8691095000000004 0 -300 0
45 335 -1.4827693000000002 0 -300 0
50 335 -0.6542861000000002 0 -300 0
55 335 -1.1792672 0 -300 0
60 335 -2.7334258 0 -300 0
65 335 -2.0022216000000004 0 -300 0
70 335 -0.7197095999999998 0 -300 0
75 335 0.15089169999999985 0 -300 0
80 335 0.6371644000000001 0 -300 0
85 335 1.6811478 0 -300 0
90 335 3.0 0 -300 0
95 335 2.14907125 0 -300 0
100 335 2.1043129499999997 0 -300 0
105 335 2.28043743 0 -300 0
110 335 1.9513452 0 -300 0
115 335 1.2602656 0 -300 0
120 335 0.2917546999999998 0 -300 0
125 335 -0.7131628999999999 0 -300 0
130 335 -1.8166763000000001 0 -300 0
135 335 -3.2758189 0 -300 0
140 335 -3.7499988 0 -300 0
145 335 -3.386425 0 -300 0
150 335 -3.0356959000000003 0 -300 0
155 335 -2.6321082999999996 0 -300 0
160 335 -2.4804497000000003 0 -300 0
165 335 -2.5879440000000002 0 -300 0
170 335 -3.3406344 0 -300 0
175 335 -4.7528515 0 -300 0
180 335 -6.8000001999999995 0 -300 0
0 340 -7.699999999999999 0 -300 0
5 340 -7.894302 0 -300 0
10 340 -7.131868000000001 0 -300 0
15 340 -4.8177253 0 -300 0
20 340 -2.8913398 0 -300 0
25 340 -1.8500025000000004 0 -300 0
30 340 -1.4000576000000002 0 -300 0
35 340 -1.6643359000000002 0 -300 0
40 340 -1.9991763999999996 0 -300 0
45 340 -1.5826149999999997 0 -300 0
50 340 -0.6856993999999998 0 -300 0
55 340 -1.2742417000000001 0 -300 0
60 340 -3.0915768000000003 0 -300 0
65 340 -2.3582222 0 -300 0
70 340 -0.9668326 0 -300 0
75 340 -0.053653800000000196 0 -300 0
80 340 0.4153916999999998 0 -300 0
85 340 1.5203615 0 -300 0
90 340 3.0 0 -300 0
95 340 2.05428387 0 -300 0
100 340 2.0698211300000002 0 -300 0
105 340 2.28347505 0 -300 0
110 340 1.9595463 0 -300 0
115 340 1.269918 0 -300 0
120 340 0.3007175000000002 0 -300 0
125 340 -0.7310444999999999 0 -300 0
130 340 -1.8895916000000001 0 -300 0
135 340 -3.4644722000000003 0 -300 0
140 340 -3.9640774 0 -300 0
145 340 -3.5287204 0 -300 0
150 340 -3.1220941 0 -300 0
155 340 -2.650734 0 -300 0
160 340 -2.4334502000000002 0 -300 0
165 340 -2.4821318999999997 0 -300 0
170 340 -3.2081052999999997 0 -300 0
175 340 -4.6495392 0 -300 0
180 340 -6.8000001999999995 0 -300 0
0 345 -7.699999999999999 0 -300 0
5 345 -8.47247 0 -300 0
10 345 -7.780048000000001 0 -300 0
15 345 -5.0580718000000005 0 -300 0
20 345 -2.9104997 0 -300 0
25 345 -1.8173067999999999 0 -300 0
30 345 -1.3986099999999997 0 -300 0
35 345 -1.7491463999999999 0 -300 0
40 345 -2.1503357999999997 0 -300 0
45 345 -1.6992349999999998 0 -300 0
50 345 -0.7243292000000001 0 -300 0
55 345 -1.3880521999999997 0 -300 0
60 345 -3.5419444999999996 0 -300 0
65 345 -2.8071146000000002 0 -300 0
70 345 -1.2733803000000004 0 -300 0
75 345 -0.3095104000000002 0 -300 0
80 345 0.1272259 0 -300 0
85 345 1.2996518 0 -300 0
90 345 3.0 0 -300 0
95 345 1.9270668 0 -300 0
100 345 2.02668714 0 -300 0
105 345 2.2868165400000002 0 -300 0
110 345 1.9682855 0 -300 0
115 345 1.2787532 0 -300 0
120 345 0.3064703 0 -300 0
125 345 -0.7569916999999999 0 -300 0
130 345 -1.9796858999999998 0 -300 0
135 345 -3.6945531000000003 0 -300 0
140 345 -4.2254704 0 -300 0
145 345 -3.7006505 0 -300 0
150 345 -3.2262082999999997 0 -300 0
155 345 -2.6753425999999996 0 -300 0
160 345 -2.3831800999999997 0 -300 0
165 345 -2.3645083 0 -300 0
170 345 -3.0560782 0 -300 0
175 345 -4.5212954 0 -300 0
180 345 -6.8000001999999995 0 -300 0
0 350 -7.699999999999999 0 -300 0
5 350 -9.404707 0 -300 0
10 350 -8.740439 0 -300 0
15 350 -5.3606769 0 -300 0
20 350 -2.9340995999999997 0 -300 0
25 350 -1.7819767999999998 0 -300 0
30 350 -1.3980262000000003 0 -300 0
35 350 -1.8474193999999997 0 -300 0
40 350 -2.3282686000000004 0 -300 0
45 350 -1.8367851000000002 0 -300 0
50 350 -0.7715687 0 -300 0
55 350 -1.5254022999999997 0 -300 0
60 350 -4.1272213 0 -300 0
65 350 -3.3933077999999997 0 -300 0
70 350 -1.6640360000000003 0 -300 0
75 350 -0.6387265000000002 0 -300 0
80 350 -0.2627419 0 -300 0
85 350 0.9778053 0 -300 0
90 350 3.0 0 -300 0
95 350 1.7470991 0 -300 0
100 350 1.9715644 0 -300 0
105 350 2.2905701 0 -300 0
110 350 1.9777539 0 -300 0
115 350 1.2867485 0 -300 0
120 350 0.3086483000000002 0 -300 0
125 350 -0.7924052000000001 0 -300 0
130 350 -2.0908274000000002 0 -300 0
135 350 -3.9789192 0 -300 0
140 350 -4.549821 0 -300 0
145 350 -3.9106126000000003 0 -300 0
150 350 -3.3525337000000004 0 -300 0
155 350 -2.7071696000000003 0 -300 0
160 350 -2.3285555000000002 0 -300 0
165 350 -2.2316760999999996 0 -300 0
170 350 -2.8779842 0 -300 0
175 350 -4.3555473 0 -300 0
180 350 -6.8000001999999995 0 -300 0
0 355 -7.699999999999999 0 -300 0
5 355 -11.242374 0 -300 0
10 355 -10.378585 0 -300 0
15 355 -5.756154 0 -300 0
20 355 -2.9633523999999998 0 -300 0
25 355 -1.7432232 0 -300 0
30 355 -1.3984313000000004 0 -300 0
35 355 -1.9627192999999998 0 -300 0
40 355 -2.5409543 0 -300 0
45 355 -2.0009949000000002 0 -300 0
50 355 -0.8292804 0 -300 0
55 355 -1.6928789000000002 0 -300 0
60 355 -4.9251914 0 -300 0
65 355 -4.1987844 0 -300 0
70 355 -2.1804341999999997 0 -300 0
75 355 -1.0788067999999997 0 -300 0
80 355 -0.8219886999999999 0 -300 0
85 355 0.46339370000000013 0 -300 0
90 355 3.0 0 -300 0
95 355 1.4724604 0 -300 0
100 355 1.8990756 0 -300 0
105 355 2.29488913 0 -300 0
110 355 1.9882074 0 -300 0
115 355 1.2938573 0 -300 0
120 355 0.3067348000000001 0 -300 0
125 355 -0.8391940999999998 0 -300 0
130 355 -2.2283831000000003 0 -300 0
135 355 -4.3370242 0 -300 0
140 355 -4.9613391 0 -300 0
145 355 -4.1708497 0 -300 0
150 355 -3.5073983999999996 0 -300 0
155 355 -2.7479205 0 -300 0
160 355 -2.2681449999999996 0 -300 0
165 355 -2.0790087 0 -300 0
170 355 -2.6642080000000004 0 -300 0
175 355 -4.1299009 0 -300 0
180 355 -6.8000001999999995 0 -300 0
