half length dipole (theta, phi, g_theta, arg_theta, g_phi, arg_phi)
37 72
0 0 -300 0 -300 0
5 0 -21.1249 0 -300 0
10 0 -15.0885 0 -300 0
15 0 -11.5423 0 -300 0
20 0 -9.01334 0 -300 0
25 0 -7.043 0 -300 0
30 0 -5.42988 0 -300 0
35 0 -4.06942 0 -300 0
40 0 -2.9018 0 -300 0
45 0 -1.89085 0 -300 0
50 0 -1.01393 0 -300 0
55 0 -0.256698 0 -300 0
60 0 0.389968 0 -300 0
65 0 0.931785 0 -300 0
70 0 1.37226 0 -300 0
75 0 1.71349 0 -300 0
80 0 1.95664 0 -300 0
85 0 2.10234 0 -300 0
90 0 2.15088 0 -300 0
95 0 2.10234 0 -300 0
100 0 1.95664 0 -300 0
105 0 1.71349 0 -300 0
110 0 1.37226 0 -300 0
115 0 0.931785 0 -300 0
120 0 0.389968 0 -300 0
125 0 -0.256698 0 -300 0
130 0 -1.01393 0 -300 0
135 0 -1.89085 0 -300 0
140 0 -2.9018 0 -300 0
145 0 -4.06942 0 -300 0
150 0 -5.42988 0 -300 0
155 0 -7.043 0 -300 0
160 0 -9.01334 0 -300 0
165 0 -11.5423 0 -300 0
170 0 -15.0885 0 -300 0
175 0 -21.1249 0 -300 0
180 0 -3.86972 0 -300 0
0 5 -300 0 -300 0
5 5 -21.1249 0 -300 0
10 5 -15.0885 0 -300 0
15 5 -11.5423 0 -300 0
20 5 -9.01334 0 -300 0
25 5 -7.043 0 -300 0
30 5 -5.42988 0 -300 0
35 5 -4.06942 0 -300 0
40 5 -2.9018 0 -300 0
45 5 -1.89085 0 -300 0
50 5 -1.01393 0 -300 0
55 5 -0.256698 0 -300 0
60 5 0.389968 0 -300 0
65 5 0.931785 0 -300 0
70 5 1.37226 0 -300 0
75 5 1.71349 0 -300 0
80 5 1.95664 0 -300 0
85 5 2.10234 0 -300 0
90 5 2.15088 0 -300 0
95 5 2.10234 0 -300 0
100 5 1.95664 0 -300 0
105 5 1.71349 0 -300 0
110 5 1.37226 0 -300 0
115 5 0.931785 0 -300 0
120 5 0.389968 0 -300 0
125 5 -0.256698 0 -300 0
130 5 -1.01393 0 -300 0
135 5 -1.89085 0 -300 0
140 5 -2.9018 0 -300 0
145 5 -4.06942 0 -300 0
150 5 -5.42988 0 -300 0
155 5 -7.043 0 -300 0
160 5 -9.01334 0 -300 0
165 5 -11.5423 0 -300 0
170 5 -15.0885 0 -300 0
175 5 -21.1249 0 -300 0
180 5 -3.86972 0 -300 0
0 10 -300 0 -300 0
5 10 -21.1249 0 -300 0
10 10 -15.0885 0 -300 0
15 10 -11.5423 0 -300 0
20 10 -9.01334 0 -300 0
25 10 -7.043 0 -300 0
30 10 -5.42988 0 -300 0
35 10 -4.06942 0 -300 0
40 10 -2.9018 0 -300 0
45 10 -1.89085 0 -300 0
50 10 -1.01393 0 -300 0
55 10 -0.256698 0 -300 0
60 10 0.389968 0 -300 0
65 10 0.931785 0 -300 0
70 10 1.37226 0 -300 0
75 10 1.71349 0 -300 0
80 10 1.95664 0 -300 0
85 10 2.10234 0 -300 0
90 10 2.15088 0 -300 0
95 10 2.10234 0 -300 0
100 10 1.95664 0 -300 0
105 10 1.71349 0 -300 0
110 10 1.37226 0 -300 0
115 10 0.931785 0 -300 0
120 10 0.389968 0 -300 0
125 10 -0.256698 0 -300 0
130 10 -1.01393 0 -300 0
135 10 -1.89085 0 -300 0
140 10 -2.9018 0 -300 0
145 10 -4.06942 0 -300 0
150 10 -5.42988 0 -300 0
155 10 -7.043 0 -300 0
160 10 -9.01334 0 -300 0
165 10 -11.5423 0 -300 0
170 10 -15.0885 0 -300 0
175 10 -21.1249 0 -300 0
180 10 -3.86972 0 -300 0
0 15 -300 0 -300 0
5 15 -21.1249 0 -300 0
10 15 -15.0885 0 -300 0
15 15 -11.5423 0 -300 0
20 15 -9.01334 0 -300 0
25 15 -7.043 0 -300 0
30 15 -5.42988 0 -300 0
35 15 -4.06942 0 -300 0
40 15 -2.9018 0 -300 0
45 15 -1.89085 0 -300 0
50 15 -1.01393 0 -300 0
55 15 -0.256698 0 -300 0
60 15 0.389968 0 -300 0
65 15 0.931785 0 -300 0
70 15 1.37226 0 -300 0
75 15 1.71349 0 -300 0
80 15 1.95664 0 -300 0
85 15 2.10234 0 -300 0
90 15 2.15088 0 -300 0
95 15 2.10234 0 -300 0
100 15 1.95664 0 -300 0
105 15 1.71349 0 -300 0
110 15 1.37226 0 -300 0
115 15 0.931785 0 -300 0
120 15 0.389968 0 -300 0
125 15 -0.256698 0 -300 0
130 15 -1.01393 0 -300 0
135 15 -1.89085 0 -300 0
140 15 -2.9018 0 -300 0
145 15 -4.06942 0 -300 0
150 15 -5.42988 0 -300 0
155 15 -7.043 0 -300 0
160 15 -9.01334 0 -300 0
165 15 -11.5423 0 -300 0
170 15 -15.0885 0 -300 0
175 15 -21.1249 0 -300 0
180 15 -3.86972 0 -300 0
0 20 -300 0 -300 0
5 20 -21.1249 0 -300 0
10 20 -15.0885 0 -300 0
15 20 -11.5423 0 -300 0
20 20 -9.01334 0 -300 0
25 20 -7.043 0 -300 0
30 20 -5.42988 0 -300 0
35 20 -4.06942 0 -300 0
40 20 -2.9018 0 -300 0
45 20 -1.89085 0 -300 0
50 20 -1.01393 0 -300 0
55 20 -0.256698 0 -300 0
60 20 0.389968 0 -300 0
65 20 0.931785 0 -300 0
70 20 1.37226 0 -300 0
75 20 1.71349 0 -300 0
80 20 1.95664 0 -300 0
85 20 2.10234 0 -300 0
90 20 2.15088 0 -300 0
95 20 2.10234 0 -300 0
100 20 1.95664 0 -300 0
105 20 1.71349 0 -300 0
110 20 1.37226 0 -300 0
115 20 0.931785 0 -300 0
120 20 0.389968 0 -300 0
125 20 -0.256698 0 -300 0
130 20 -1.01393 0 -300 0
135 20 -1.89085 0 -300 0
140 20 -2.9018 0 -300 0
145 20 -4.06942 0 -300 0
150 20 -5.42988 0 -300 0
155 20 -7.043 0 -300 0
160 20 -9.01334 0 -300 0
165 20 -11.5423 0 -300 0
170 20 -15.0885 0 -300 0
175 20 -21.1249 0 -300 0
180 20 -3.86972 0 -300 0
0 25 -300 0 -300 0
5 25 -21.1249 0 -300 0
10 25 -15.0885 0 -300 0
15 25 -11.5423 0 -300 0
20 25 -9.01334 0 -300 0
25 25 -7.043 0 -300 0
30 25 -5.42988 0 -300 0
35 25 -4.06942 0 -300 0
40 25 -2.9018 0 -300 0
45 25 -1.89085 0 -300 0
50 25 -1.01393 0 -300 0
55 25 -0.256698 0 -300 0
60 25 0.389968 0 -300 0
65 25 0.931785 0 -300 0
70 25 1.37226 0 -300 0
75 25 1.71349 0 -300 0
80 25 1.95664 0 -300 0
85 25 2.10234 0 -300 0
90 25 2.15088 0 -300 0
95 25 2.10234 0 -300 0
100 25 1.95664 0 -300 0
105 25 1.71349 0 -300 0
110 25 1.37226 0 -300 0
115 25 0.931785 0 -300 0
120 25 0.389968 0 -300 0
125 25 -0.256698 0 -300 0
130 25 -1.01393 0 -300 0
135 25 -1.89085 0 -300 0
140 25 -2.9018 0 -300 0
145 25 -4.06942 0 -300 0
150 25 -5.42988 0 -300 0
155 25 -7.043 0 -300 0
160 25 -9.01334 0 -300 0
165 25 -11.5423 0 -300 0
170 25 -15.0885 0 -300 0
175 25 -21.1249 0 -300 0
180 25 -3.86972 0 -300 0
0 30 -300 0 -300 0
5 30 -21.1249 0 -300 0
10 30 -15.0885 0 -300 0
15 30 -11.5423 0 -300 0
20 30 -9.01334 0 -300 0
25 30 -7.043 0 -300 0
30 30 -5.42988 0 -300 0
35 30 -4.06942 0 -300 0
40 30 -2.9018 0 -300 0
45 30 -1.89085 0 -300 0
50 30 -1.01393 0 -300 0
55 30 -0.256698 0 -300 0
60 30 0.389968 0 -300 0
65 30 0.931785 0 -300 0
70 30 1.37226 0 -300 0
75 30 1.71349 0 -300 0
80 30 1.95664 0 -300 0
85 30 2.10234 0 -300 0
90 30 2.15088 0 -300 0
95 30 2.10234 0 -300 0
100 30 1.95664 0 -300 0
105 30 1.71349 0 -300 0
110 30 1.37226 0 -300 0
115 30 0.931785 0 -300 0
120 30 0.389968 0 -300 0
125 30 -0.256698 0 -300 0
130 30 -1.01393 0 -300 0
135 30 -1.89085 0 -300 0
140 30 -2.9018 0 -300 0
145 30 -4.06942 0 -300 0
150 30 -5.42988 0 -300 0
155 30 -7.043 0 -300 0
160 30 -9.01334 0 -300 0
165 30 -11.5423 0 -300 0
170 30 -15.0885 0 -300 0
175 30 -21.1249 0 -300 0
180 30 -3.86972 0 -300 0
0 35 -300 0 -300 0
5 35 -21.1249 0 -300 0
10 35 -15.0885 0 -300 0
15 35 -11.5423 0 -300 0
20 35 -9.01334 0 -300 0
25 35 -7.043 0 -300 0
30 35 -5.42988 0 -300 0
35 35 -4.06942 0 -300 0
40 35 -2.9018 0 -300 0
45 35 -1.89085 0 -300 0
50 35 -1.01393 0 -300 0
55 35 -0.256698 0 -300 0
60 35 0.389968 0 -300 0
65 35 0.931785 0 -300 0
70 35 1.37226 0 -300 0
75 35 1.71349 0 -300 0
80 35 1.95664 0 -300 0
85 35 2.10234 0 -300 0
90 35 2.15088 0 -300 0
95 35 2.10234 0 -300 0
100 35 1.95664 0 -300 0
105 35 1.71349 0 -300 0
110 35 1.37226 0 -300 0
115 35 0.931785 0 -300 0
120 35 0.389968 0 -300 0
125 35 -0.256698 0 -300 0
130 35 -1.01393 0 -300 0
135 35 -1.89085 0 -300 0
140 35 -2.9018 0 -300 0
145 35 -4.06942 0 -300 0
150 35 -5.42988 0 -300 0
155 35 -7.043 0 -300 0
160 35 -9.01334 0 -300 0
165 35 -11.5423 0 -300 0
170 35 -15.0885 0 -300 0
175 35 -21.1249 0 -300 0
180 35 -3.86972 0 -300 0
0 40 -300 0 -300 0
5 40 -21.1249 0 -300 0
10 40 -15.0885 0 -300 0
15 40 -11.5423 0 -300 0
20 40 -9.01334 0 -300 0
25 40 -7.043 0 -300 0
30 40 -5.42988 0 -300 0
35 40 -4.06942 0 -300 0
40 40 -2.9018 0 -300 0
45 40 -1.89085 0 -300 0
50 40 -1.01393 0 -300 0
55 40 -0.256698 0 -300 0
60 40 0.389968 0 -300 0
65 40 0.931785 0 -300 0
70 40 1.37226 0 -300 0
75 40 1.71349 0 -300 0
80 40 1.95664 0 -300 0
85 40 2.10234 0 -300 0
90 40 2.15088 0 -300 0
95 40 2.10234 0 -300 0
100 40 1.95664 0 -300 0
105 40 1.71349 0 -300 0
110 40 1.37226 0 -300 0
115 40 0.931785 0 -300 0
120 40 0.389968 0 -300 0
125 40 -0.256698 0 -300 0
130 40 -1.01393 0 -300 0
135 40 -1.89085 0 -300 0
140 40 -2.9018 0 -300 0
145 40 -4.06942 0 -300 0
150 40 -5.42988 0 -300 0
155 40 -7.043 0 -300 0
160 40 -9.01334 0 -300 0
165 40 -11.5423 0 -300 0
170 40 -15.0885 0 -300 0
175 40 -21.1249 0 -300 0
180 40 -3.86972 0 -300 0
0 45 -300 0 -300 0
5 45 -21.1249 0 -300 0
10 45 -15.0885 0 -300 0
15 45 -11.5423 0 -300 0
20 45 -9.01334 0 -300 0
25 45 -7.043 0 -300 0
30 45 -5.42988 0 -300 0
35 45 -4.06942 0 -300 0
40 45 -2.9018 0 -300 0
45 45 -1.89085 0 -300 0
50 45 -1.01393 0 -300 0
55 45 -0.256698 0 -300 0
60 45 0.389968 0 -300 0
65 45 0.931785 0 -300 0
70 45 1.37226 0 -300 0
75 45 1.71349 0 -300 0
80 45 1.95664 0 -300 0
85 45 2.10234 0 -300 0
90 45 2.15088 0 -300 0
95 45 2.10234 0 -300 0
100 45 1.95664 0 -300 0
105 45 1.71349 0 -300 0
110 45 1.37226 0 -300 0
115 45 0.931785 0 -300 0
120 45 0.389968 0 -300 0
125 45 -0.256698 0 -300 0
130 45 -1.01393 0 -300 0
135 45 -1.89085 0 -300 0
140 45 -2.9018 0 -300 0
145 45 -4.06942 0 -300 0
150 45 -5.42988 0 -300 0
155 45 -7.043 0 -300 0
160 45 -9.01334 0 -300 0
165 45 -11.5423 0 -300 0
170 45 -15.0885 0 -300 0
175 45 -21.1249 0 -300 0
180 45 -3.86972 0 -300 0
0 50 -300 0 -300 0
5 50 -21.1249 0 -300 0
10 50 -15.0885 0 -300 0
15 50 -11.5423 0 -300 0
20 50 -9.01334 0 -300 0
25 50 -7.043 0 -300 0
30 50 -5.42988 0 -300 0
35 50 -4.06942 0 -300 0
40 50 -2.9018 0 -300 0
45 50 -1.89085 0 -300 0
50 50 -1.01393 0 -300 0
55 50 -0.256698 0 -300 0
60 50 0.389968 0 -300 0
65 50 0.931785 0 -300 0
70 50 1.37226 0 -300 0
75 50 1.71349 0 -300 0
80 50 1.95664 0 -300 0
85 50 2.10234 0 -300 0
90 50 2.15088 0 -300 0
95 50 2.10234 0 -300 0
100 50 1.95664 0 -300 0
105 50 1.71349 0 -300 0
110 50 1.37226 0 -300 0
115 50 0.931785 0 -300 0
120 50 0.389968 0 -300 0
125 50 -0.256698 0 -300 0
130 50 -1.01393 0 -300 0
135 50 -1.89085 0 -300 0
140 50 -2.9018 0 -300 0
145 50 -4.06942 0 -300 0
150 50 -5.42988 0 -300 0
155 50 -7.043 0 -300 0
160 50 -9.01334 0 -300 0
165 50 -11.5423 0 -300 0
170 50 -15.0885 0 -300 0
175 50 -21.1249 0 -300 0
180 50 -3.86972 0 -300 0
0 55 -300 0 -300 0
5 55 -21.1249 0 -300 0
10 55 -15.0885 0 -300 0
15 55 -11.5423 0 -300 0
20 55 -9.01334 0 -300 0
25 55 -7.043 0 -300 0
30 55 -5.42988 0 -300 0
35 55 -4.06942 0 -300 0
40 55 -2.9018 0 -300 0
45 55 -1.89085 0 -300 0
50 55 -1.01393 0 -300 0
55 55 -0.256698 0 -300 0
60 55 0.389968 0 -300 0
65 55 0.931785 0 -300 0
70 55 1.37226 0 -300 0
75 55 1.71349 0 -300 0
80 55 1.95664 0 -300 0
85 55 2.10234 0 -300 0
90 55 2.15088 0 -300 0
95 55 2.10234 0 -300 0
100 55 1.95664 0 -300 0
105 55 1.71349 0 -300 0
110 55 1.37226 0 -300 0
115 55 0.931785 0 -300 0
120 55 0.389968 0 -300 0
125 55 -0.256698 0 -300 0
130 55 -1.01393 0 -300 0
135 55 -1.89085 0 -300 0
140 55 -2.9018 0 -300 0
145 55 -4.06942 0 -300 0
150 55 -5.42988 0 -300 0
155 55 -7.043 0 -300 0
160 55 -9.01334 0 -300 0
165 55 -11.5423 0 -300 0
170 55 -15.0885 0 -300 0
175 55 -21.1249 0 -300 0
180 55 -3.86972 0 -300 0
0 60 -300 0 -300 0
5 60 -21.1249 0 -300 0
10 60 -15.0885 0 -300 0
15 60 -11.5423 0 -300 0
20 60 -9.01334 0 -300 0
25 60 -7.043 0 -300 0
30 60 -5.42988 0 -300 0
35 60 -4.06942 0 -300 0
40 60 -2.9018 0 -300 0
45 60 -1.89085 0 -300 0
50 60 -1.01393 0 -300 0
55 60 -0.256698 0 -300 0
60 60 0.389968 0 -300 0
65 60 0.931785 0 -300 0
70 60 1.37226 0 -300 0
75 60 1.71349 0 -300 0
80 60 1.95664 0 -300 0
85 60 2.10234 0 -300 0
90 60 2.15088 0 -300 0
95 60 2.10234 0 -300 0
100 60 1.95664 0 -300 0
105 60 1.71349 0 -300 0
110 60 1.37226 0 -300 0
115 60 0.931785 0 -300 0
120 60 0.389968 0 -300 0
125 60 -0.256698 0 -300 0
130 60 -1.01393 0 -300 0
135 60 -1.89085 0 -300 0
140 60 -2.9018 0 -300 0
145 60 -4.06942 0 -300 0
150 60 -5.42988 0 -300 0
155 60 -7.043 0 -300 0
160 60 -9.01334 0 -300 0
165 60 -11.5423 0 -300 0
170 60 -15.0885 0 -300 0
175 60 -21.1249 0 -300 0
180 60 -3.86972 0 -300 0
0 65 -300 0 -300 0
5 65 -21.1249 0 -300 0
10 65 -15.0885 0 -300 0
15 65 -11.5423 0 -300 0
20 65 -9.01334 0 -300 0
25 65 -7.043 0 -300 0
30 65 -5.42988 0 -300 0
35 65 -4.06942 0 -300 0
40 65 -2.9018 0 -300 0
45 65 -1.89085 0 -300 0
50 65 -1.01393 0 -300 0
55 65 -0.256698 0 -300 0
60 65 0.389968 0 -300 0
65 65 0.931785 0 -300 0
70 65 1.37226 0 -300 0
75 65 1.71349 0 -300 0
80 65 1.95664 0 -300 0
85 65 2.10234 0 -300 0
90 65 2.15088 0 -300 0
95 65 2.10234 0 -300 0
100 65 1.95664 0 -300 0
105 65 1.71349 0 -300 0
110 65 1.37226 0 -300 0
115 65 0.931785 0 -300 0
120 65 0.389968 0 -300 0
125 65 -0.256698 0 -300 0
130 65 -1.01393 0 -300 0
135 65 -1.89085 0 -300 0
140 65 -2.9018 0 -300 0
145 65 -4.06942 0 -300 0
150 65 -5.42988 0 -300 0
155 65 -7.043 0 -300 0
160 65 -9.01334 0 -300 0
165 65 -11.5423 0 -300 0
170 65 -15.0885 0 -300 0
175 65 -21.1249 0 -300 0
180 65 -3.86972 0 -300 0
0 70 -300 0 -300 0
5 70 -21.1249 0 -300 0
10 70 -15.0885 0 -300 0
15 70 -11.5423 0 -300 0
20 70 -9.01334 0 -300 0
25 70 -7.043 0 -300 0
30 70 -5.42988 0 -300 0
35 70 -4.06942 0 -300 0
40 70 -2.9018 0 -300 0
45 70 -1.89085 0 -300 0
50 70 -1.01393 0 -300 0
55 70 -0.256698 0 -300 0
60 70 0.389968 0 -300 0
65 70 0.931785 0 -300 0
70 70 1.37226 0 -300 0
75 70 1.71349 0 -300 0
80 70 1.95664 0 -300 0
85 70 2.10234 0 -300 0
90 70 2.15088 0 -300 0
95 70 2.10234 0 -300 0
100 70 1.95664 0 -300 0
105 70 1.71349 0 -300 0
110 70 1.37226 0 -300 0
115 70 0.931785 0 -300 0
120 70 0.389968 0 -300 0
125 70 -0.256698 0 -300 0
130 70 -1.01393 0 -300 0
135 70 -1.89085 0 -300 0
140 70 -2.9018 0 -300 0
145 70 -4.06942 0 -300 0
150 70 -5.42988 0 -300 0
155 70 -7.043 0 -300 0
160 70 -9.01334 0 -300 0
165 70 -11.5423 0 -300 0
170 70 -15.0885 0 -300 0
175 70 -21.1249 0 -300 0
180 70 -3.86972 0 -300 0
0 75 -300 0 -300 0
5 75 -21.1249 0 -300 0
10 75 -15.0885 0 -300 0
15 75 -11.5423 0 -300 0
20 75 -9.01334 0 -300 0
25 75 -7.043 0 -300 0
30 75 -5.42988 0 -300 0
35 75 -4.06942 0 -300 0
40 75 -2.9018 0 -300 0
45 75 -1.89085 0 -300 0
50 75 -1.01393 0 -300 0
55 75 -0.256698 0 -300 0
60 75 0.389968 0 -300 0
65 75 0.931785 0 -300 0
70 75 1.37226 0 -300 0
75 75 1.71349 0 -300 0
80 75 1.95664 0 -300 0
85 75 2.10234 0 -300 0
90 75 2.15088 0 -300 0
95 75 2.10234 0 -300 0
100 75 1.95664 0 -300 0
105 75 1.71349 0 -300 0
110 75 1.37226 0 -300 0
115 75 0.931785 0 -300 0
120 75 0.389968 0 -300 0
125 75 -0.256698 0 -300 0
130 75 -1.01393 0 -300 0
135 75 -1.89085 0 -300 0
140 75 -2.9018 0 -300 0
145 75 -4.06942 0 -300 0
150 75 -5.42988 0 -300 0
155 75 -7.043 0 -300 0
160 75 -9.01334 0 -300 0
165 75 -11.5423 0 -300 0
170 75 -15.0885 0 -300 0
175 75 -21.1249 0 -300 0
180 75 -3.86972 0 -300 0
0 80 -300 0 -300 0
5 80 -21.1249 0 -300 0
10 80 -15.0885 0 -300 0
15 80 -11.5423 0 -300 0
20 80 -9.01334 0 -300 0
25 80 -7.043 0 -300 0
30 80 -5.42988 0 -300 0
35 80 -4.06942 0 -300 0
40 80 -2.9018 0 -300 0
45 80 -1.89085 0 -300 0
50 80 -1.01393 0 -300 0
55 80 -0.256698 0 -300 0
60 80 0.389968 0 -300 0
65 80 0.931785 0 -300 0
70 80 1.37226 0 -300 0
75 80 1.71349 0 -300 0
80 80 1.95664 0 -300 0
85 80 2.10234 0 -300 0
90 80 2.15088 0 -300 0
95 80 2.10234 0 -300 0
100 80 1.95664 0 -300 0
105 80 1.71349 0 -300 0
110 80 1.37226 0 -300 0
115 80 0.931785 0 -300 0
120 80 0.389968 0 -300 0
125 80 -0.256698 0 -300 0
130 80 -1.01393 0 -300 0
135 80 -1.89085 0 -300 0
140 80 -2.9018 0 -300 0
145 80 -4.06942 0 -300 0
150 80 -5.42988 0 -300 0
155 80 -7.043 0 -300 0
160 80 -9.01334 0 -300 0
165 80 -11.5423 0 -300 0
170 80 -15.0885 0 -300 0
175 80 -21.1249 0 -300 0
180 80 -3.86972 0 -300 0
0 85 -300 0 -300 0
5 85 -21.1249 0 -300 0
10 85 -15.0885 0 -300 0
15 85 -11.5423 0 -300 0
20 85 -9.01334 0 -300 0
25 85 -7.043 0 -300 0
30 85 -5.42988 0 -300 0
35 85 -4.06942 0 -300 0
40 85 -2.9018 0 -300 0
45 85 -1.89085 0 -300 0
50 85 -1.01393 0 -300 0
55 85 -0.256698 0 -300 0
60 85 0.389968 0 -300 0
65 85 0.931785 0 -300 0
70 85 1.37226 0 -300 0
75 85 1.71349 0 -300 0
80 85 1.95664 0 -300 0
85 85 2.10234 0 -300 0
90 85 2.15088 0 -300 0
95 85 2.10234 0 -300 0
100 85 1.95664 0 -300 0
105 85 1.71349 0 -300 0
110 85 1.37226 0 -300 0
115 85 0.931785 0 -300 0
120 85 0.389968 0 -300 0
125 85 -0.256698 0 -300 0
130 85 -1.01393 0 -300 0
135 85 -1.89085 0 -300 0
140 85 -2.9018 0 -300 0
145 85 -4.06942 0 -300 0
150 85 -5.42988 0 -300 0
155 85 -7.043 0 -300 0
160 85 -9.01334 0 -300 0
165 85 -11.5423 0 -300 0
170 85 -15.0885 0 -300 0
175 85 -21.1249 0 -300 0
180 85 -3.86972 0 -300 0
0 90 -300 0 -300 0
5 90 -21.1249 0 -300 0
10 90 -15.0885 0 -300 0
15 90 -11.5423 0 -300 0
20 90 -9.01334 0 -300 0
25 90 -7.043 0 -300 0
30 90 -5.42988 0 -300 0
35 90 -4.06942 0 -300 0
40 90 -2.9018 0 -300 0
45 90 -1.89085 0 -300 0
50 90 -1.01393 0 -300 0
55 90 -0.256698 0 -300 0
60 90 0.389968 0 -300 0
65 90 0.931785 0 -300 0
70 90 1.37226 0 -300 0
75 90 1.71349 0 -300 0
80 90 1.95664 0 -300 0
85 90 2.10234 0 -300 0
90 90 2.15088 0 -300 0
95 90 2.10234 0 -300 0
100 90 1.95664 0 -300 0
105 90 1.71349 0 -300 0
110 90 1.37226 0 -300 0
115 90 0.931785 0 -300 0
120 90 0.389968 0 -300 0
125 90 -0.256698 0 -300 0
130 90 -1.01393 0 -300 0
135 90 -1.89085 0 -300 0
140 90 -2.9018 0 -300 0
145 90 -4.06942 0 -300 0
150 90 -5.42988 0 -300 0
155 90 -7.043 0 -300 0
160 90 -9.01334 0 -300 0
165 90 -11.5423 0 -300 0
170 90 -15.0885 0 -300 0
175 90 -21.1249 0 -300 0
180 90 -3.86972 0 -300 0
0 95 -300 0 -300 0
5 95 -21.1249 0 -300 0
10 95 -15.0885 0 -300 0
15 95 -11.5423 0 -300 0
20 95 -9.01334 0 -300 0
25 95 -7.043 0 -300 0
30 95 -5.42988 0 -300 0
35 95 -4.06942 0 -300 0
40 95 -2.9018 0 -300 0
45 95 -1.89085 0 -300 0
50 95 -1.01393 0 -300 0
55 95 -0.256698 0 -300 0
60 95 0.389968 0 -300 0
65 95 0.931785 0 -300 0
70 95 1.37226 0 -300 0
75 95 1.71349 0 -300 0
80 95 1.95664 0 -300 0
85 95 2.10234 0 -300 0
90 95 2.15088 0 -300 0
95 95 2.10234 0 -300 0
100 95 1.95664 0 -300 0
105 95 1.71349 0 -300 0
110 95 1.37226 0 -300 0
115 95 0.931785 0 -300 0
120 95 0.389968 0 -300 0
125 95 -0.256698 0 -300 0
130 95 -1.01393 0 -300 0
135 95 -1.89085 0 -300 0
140 95 -2.9018 0 -300 0
145 95 -4.06942 0 -300 0
150 95 -5.42988 0 -300 0
155 95 -7.043 0 -300 0
160 95 -9.01334 0 -300 0
165 95 -11.5423 0 -300 0
170 95 -15.0885 0 -300 0
175 95 -21.1249 0 -300 0
180 95 -3.86972 0 -300 0
0 100 -300 0 -300 0
5 100 -21.1249 0 -300 0
10 100 -15.0885 0 -300 0
15 100 -11.5423 0 -300 0
20 100 -9.01334 0 -300 0
25 100 -7.043 0 -300 0
30 100 -5.42988 0 -300 0
35 100 -4.06942 0 -300 0
40 100 -2.9018 0 -300 0
45 100 -1.89085 0 -300 0
50 100 -1.01393 0 -300 0
55 100 -0.256698 0 -300 0
60 100 0.389968 0 -300 0
65 100 0.931785 0 -300 0
70 100 1.37226 0 -300 0
75 100 1.71349 0 -300 0
80 100 1.95664 0 -300 0
85 100 2.10234 0 -300 0
90 100 2.15088 0 -300 0
95 100 2.10234 0 -300 0
100 100 1.95664 0 -300 0
105 100 1.71349 0 -300 0
110 100 1.37226 0 -300 0
115 100 0.931785 0 -300 0
120 100 0.389968 0 -300 0
125 100 -0.256698 0 -300 0
130 100 -1.01393 0 -300 0
135 100 -1.89085 0 -300 0
140 100 -2.9018 0 -300 0
145 100 -4.06942 0 -300 0
150 100 -5.42988 0 -300 0
155 100 -7.043 0 -300 0
160 100 -9.01334 0 -300 0
165 100 -11.5423 0 -300 0
170 100 -15.0885 0 -300 0
175 100 -21.1249 0 -300 0
180 100 -3.86972 0 -300 0
0 105 -300 0 -300 0
5 105 -21.1249 0 -300 0
10 105 -15.0885 0 -300 0
15 105 -11.5423 0 -300 0
20 105 -9.01334 0 -300 0
25 105 -7.043 0 -300 0
30 105 -5.42988 0 -300 0
35 105 -4.06942 0 -300 0
40 105 -2.9018 0 -300 0
45 105 -1.89085 0 -300 0
50 105 -1.01393 0 -300 0
55 105 -0.256698 0 -300 0
60 105 0.389968 0 -300 0
65 105 0.931785 0 -300 0
70 105 1.37226 0 -300 0
75 105 1.71349 0 -300 0
80 105 1.95664 0 -300 0
85 105 2.10234 0 -300 0
90 105 2.15088 0 -300 0
95 105 2.10234 0 -300 0
100 105 1.95664 0 -300 0
105 105 1.71349 0 -300 0
110 105 1.37226 0 -300 0
115 105 0.931785 0 -300 0
120 105 0.389968 0 -300 0
125 105 -0.256698 0 -300 0
130 105 -1.01393 0 -300 0
135 105 -1.89085 0 -300 0
140 105 -2.9018 0 -300 0
145 105 -4.06942 0 -300 0
150 105 -5.42988 0 -300 0
155 105 -7.043 0 -300 0
160 105 -9.01334 0 -300 0
165 105 -11.5423 0 -300 0
170 105 -15.0885 0 -300 0
175 105 -21.1249 0 -300 0
180 105 -3.86972 0 -300 0
0 110 -300 0 -300 0
5 110 -21.1249 0 -300 0
10 110 -15.0885 0 -300 0
15 110 -11.5423 0 -300 0
20 110 -9.01334 0 -300 0
25 110 -7.043 0 -300 0
30 110 -5.42988 0 -300 0
35 110 -4.06942 0 -300 0
40 110 -2.9018 0 -300 0
45 110 -1.89085 0 -300 0
50 110 -1.01393 0 -300 0
55 110 -0.256698 0 -300 0
60 110 0.389968 0 -300 0
65 110 0.931785 0 -300 0
70 110 1.37226 0 -300 0
75 110 1.71349 0 -300 0
80 110 1.95664 0 -300 0
85 110 2.10234 0 -300 0
90 110 2.15088 0 -300 0
95 110 2.10234 0 -300 0
100 110 1.95664 0 -300 0
105 110 1.71349 0 -300 0
110 110 1.37226 0 -300 0
115 110 0.931785 0 -300 0
120 110 0.389968 0 -300 0
125 110 -0.256698 0 -300 0
130 110 -1.01393 0 -300 0
135 110 -1.89085 0 -300 0
140 110 -2.9018 0 -300 0
145 110 -4.06942 0 -300 0
150 110 -5.42988 0 -300 0
155 110 -7.043 0 -300 0
160 110 -9.01334 0 -300 0
165 110 -11.5423 0 -300 0
170 110 -15.0885 0 -300 0
175 110 -21.1249 0 -300 0
180 110 -3.86972 0 -300 0
0 115 -300 0 -300 0
5 115 -21.1249 0 -300 0
10 115 -15.0885 0 -300 0
15 115 -11.5423 0 -300 0
20 115 -9.01334 0 -300 0
25 115 -7.043 0 -300 0
30 115 -5.42988 0 -300 0
35 115 -4.06942 0 -300 0
40 115 -2.9018 0 -300 0
45 115 -1.89085 0 -300 0
50 115 -1.01393 0 -300 0
55 115 -0.256698 0 -300 0
60 115 0.389968 0 -300 0
65 115 0.931785 0 -300 0
70 115 1.37226 0 -300 0
75 115 1.71349 0 -300 0
80 115 1.95664 0 -300 0
85 115 2.10234 0 -300 0
90 115 2.15088 0 -300 0
95 115 2.10234 0 -300 0
100 115 1.95664 0 -300 0
105 115 1.71349 0 -300 0
110 115 1.37226 0 -300 0
115 115 0.931785 0 -300 0
120 115 0.389968 0 -300 0
125 115 -0.256698 0 -300 0
130 115 -1.01393 0 -300 0
135 115 -1.89085 0 -300 0
140 115 -2.9018 0 -300 0
145 115 -4.06942 0 -300 0
150 115 -5.42988 0 -300 0
155 115 -7.043 0 -300 0
160 115 -9.01334 0 -300 0
165 115 -11.5423 0 -300 0
170 115 -15.0885 0 -300 0
175 115 -21.1249 0 -300 0
180 115 -3.86972 0 -300 0
0 120 -300 0 -300 0
5 120 -21.1249 0 -300 0
10 120 -15.0885 0 -300 0
15 120 -11.5423 0 -300 0
20 120 -9.01334 0 -300 0
25 120 -7.043 0 -300 0
30 120 -5.42988 0 -300 0
35 120 -4.06942 0 -300 0
40 120 -2.9018 0 -300 0
45 120 -1.89085 0 -300 0
50 120 -1.01393 0 -300 0
55 120 -0.256698 0 -300 0
60 120 0.389968 0 -300 0
65 120 0.931785 0 -300 0
70 120 1.37226 0 -300 0
75 120 1.71349 0 -300 0
80 120 1.95664 0 -300 0
85 120 2.10234 0 -300 0
90 120 2.15088 0 -300 0
95 120 2.10234 0 -300 0
100 120 1.95664 0 -300 0
105 120 1.71349 0 -300 0
110 120 1.37226 0 -300 0
115 120 0.931785 0 -300 0
120 120 0.389968 0 -300 0
125 120 -0.256698 0 -300 0
130 120 -1.01393 0 -300 0
135 120 -1.89085 0 -300 0
140 120 -2.9018 0 -300 0
145 120 -4.06942 0 -300 0
150 120 -5.42988 0 -300 0
155 120 -7.043 0 -300 0
160 120 -9.01334 0 -300 0
165 120 -11.5423 0 -300 0
170 120 -15.0885 0 -300 0
175 120 -21.1249 0 -300 0
180 120 -3.86972 0 -300 0
0 125 -300 0 -300 0
5 125 -21.1249 0 -300 0
10 125 -15.0885 0 -300 0
15 125 -11.5423 0 -300 0
20 125 -9.01334 0 -300 0
25 125 -7.043 0 -300 0
30 125 -5.42988 0 -300 0
35 125 -4.06942 0 -300 0
40 125 -2.9018 0 -300 0
45 125 -1.89085 0 -300 0
50 125 -1.01393 0 -300 0
55 125 -0.256698 0 -300 0
60 125 0.389968 0 -300 0
65 125 0.931785 0 -300 0
70 125 1.37226 0 -300 0
75 125 1.71349 0 -300 0
80 125 1.95664 0 -300 0
85 125 2.10234 0 -300 0
90 125 2.15088 0 -300 0
95 125 2.10234 0 -300 0
100 125 1.95664 0 -300 0
105 125 1.71349 0 -300 0
110 125 1.37226 0 -300 0
115 125 0.931785 0 -300 0
120 125 0.389968 0 -300 0
125 125 -0.256698 0 -300 0
130 125 -1.01393 0 -300 0
135 125 -1.89085 0 -300 0
140 125 -2.9018 0 -300 0
145 125 -4.06942 0 -300 0
150 125 -5.42988 0 -300 0
155 125 -7.043 0 -300 0
160 125 -9.01334 0 -300 0
165 125 -11.5423 0 -300 0
170 125 -15.0885 0 -300 0
175 125 -21.1249 0 -300 0
180 125 -3.86972 0 -300 0
0 130 -300 0 -300 0
5 130 -21.1249 0 -300 0
10 130 -15.0885 0 -300 0
15 130 -11.5423 0 -300 0
20 130 -9.01334 0 -300 0
25 130 -7.043 0 -300 0
30 130 -5.42988 0 -300 0
35 130 -4.06942 0 -300 0
40 130 -2.9018 0 -300 0
45 130 -1.89085 0 -300 0
50 130 -1.01393 0 -300 0
55 130 -0.256698 0 -300 0
60 130 0.389968 0 -300 0
65 130 0.931785 0 -300 0
70 130 1.37226 0 -300 0
75 130 1.71349 0 -300 0
80 130 1.95664 0 -300 0
85 130 2.10234 0 -300 0
90 130 2.15088 0 -300 0
95 130 2.10234 0 -300 0
100 130 1.95664 0 -300 0
105 130 1.71349 0 -300 0
110 130 1.37226 0 -300 0
115 130 0.931785 0 -300 0
120 130 0.389968 0 -300 0
125 130 -0.256698 0 -300 0
130 130 -1.01393 0 -300 0
135 130 -1.89085 0 -300 0
140 130 -2.9018 0 -300 0
145 130 -4.06942 0 -300 0
150 130 -5.42988 0 -300 0
155 130 -7.043 0 -300 0
160 130 -9.01334 0 -300 0
165 130 -11.5423 0 -300 0
170 130 -15.0885 0 -300 0
175 130 -21.1249 0 -300 0
180 130 -3.86972 0 -300 0
0 135 -300 0 -300 0
5 135 -21.1249 0 -300 0
10 135 -15.0885 0 -300 0
15 135 -11.5423 0 -300 0
20 135 -9.01334 0 -300 0
25 135 -7.043 0 -300 0
30 135 -5.42988 0 -300 0
35 135 -4.06942 0 -300 0
40 135 -2.9018 0 -300 0
45 135 -1.89085 0 -300 0
50 135 -1.01393 0 -300 0
55 135 -0.256698 0 -300 0
60 135 0.389968 0 -300 0
65 135 0.931785 0 -300 0
70 135 1.37226 0 -300 0
75 135 1.71349 0 -300 0
80 135 1.95664 0 -300 0
85 135 2.10234 0 -300 0
90 135 2.15088 0 -300 0
95 135 2.10234 0 -300 0
100 135 1.95664 0 -300 0
105 135 1.71349 0 -300 0
110 135 1.37226 0 -300 0
115 135 0.931785 0 -300 0
120 135 0.389968 0 -300 0
125 135 -0.256698 0 -300 0
130 135 -1.01393 0 -300 0
135 135 -1.89085 0 -300 0
140 135 -2.9018 0 -300 0
145 135 -4.06942 0 -300 0
150 135 -5.42988 0 -300 0
155 135 -7.043 0 -300 0
160 135 -9.01334 0 -300 0
165 135 -11.5423 0 -300 0
170 135 -15.0885 0 -300 0
175 135 -21.1249 0 -300 0
180 135 -3.86972 0 -300 0
0 140 -300 0 -300 0
5 140 -21.1249 0 -300 0
10 140 -15.0885 0 -300 0
15 140 -11.5423 0 -300 0
20 140 -9.01334 0 -300 0
25 140 -7.043 0 -300 0
30 140 -5.42988 0 -300 0
35 140 -4.06942 0 -300 0
40 140 -2.9018 0 -300 0
45 140 -1.89085 0 -300 0
50 140 -1.01393 0 -300 0
55 140 -0.256698 0 -300 0
60 140 0.389968 0 -300 0
65 140 0.931785 0 -300 0
70 140 1.37226 0 -300 0
75 140 1.71349 0 -300 0
80 140 1.95664 0 -300 0
85 140 2.10234 0 -300 0
90 140 2.15088 0 -300 0
95 140 2.10234 0 -300 0
100 140 1.95664 0 -300 0
105 140 1.71349 0 -300 0
110 140 1.37226 0 -300 0
115 140 0.931785 0 -300 0
120 140 0.389968 0 -300 0
125 140 -0.256698 0 -300 0
130 140 -1.01393 0 -300 0
135 140 -1.89085 0 -300 0
140 140 -2.9018 0 -300 0
145 140 -4.06942 0 -300 0
150 140 -5.42988 0 -300 0
155 140 -7.043 0 -300 0
160 140 -9.01334 0 -300 0
165 140 -11.5423 0 -300 0
170 140 -15.0885 0 -300 0
175 140 -21.1249 0 -300 0
180 140 -3.86972 0 -300 0
0 145 -300 0 -300 0
5 145 -21.1249 0 -300 0
10 145 -15.0885 0 -300 0
15 145 -11.5423 0 -300 0
20 145 -9.01334 0 -300 0
25 145 -7.043 0 -300 0
30 145 -5.42988 0 -300 0
35 145 -4.06942 0 -300 0
40 145 -2.9018 0 -300 0
45 145 -1.89085 0 -300 0
50 145 -1.01393 0 -300 0
55 145 -0.256698 0 -300 0
60 145 0.389968 0 -300 0
65 145 0.931785 0 -300 0
70 145 1.37226 0 -300 0
75 145 1.71349 0 -300 0
80 145 1.95664 0 -300 0
85 145 2.10234 0 -300 0
90 145 2.15088 0 -300 0
95 145 2.10234 0 -300 0
100 145 1.95664 0 -300 0
105 145 1.71349 0 -300 0
110 145 1.37226 0 -300 0
115 145 0.931785 0 -300 0
120 145 0.389968 0 -300 0
125 145 -0.256698 0 -300 0
130 145 -1.01393 0 -300 0
135 145 -1.89085 0 -300 0
140 145 -2.9018 0 -300 0
145 145 -4.06942 0 -300 0
150 145 -5.42988 0 -300 0
155 145 -7.043 0 -300 0
160 145 -9.01334 0 -300 0
165 145 -11.5423 0 -300 0
170 145 -15.0885 0 -300 0
175 145 -21.1249 0 -300 0
180 145 -3.86972 0 -300 0
0 150 -300 0 -300 0
5 150 -21.1249 0 -300 0
10 150 -15.0885 0 -300 0
15 150 -11.5423 0 -300 0
20 150 -9.01334 0 -300 0
25 150 -7.043 0 -300 0
30 150 -5.42988 0 -300 0
35 150 -4.06942 0 -300 0
40 150 -2.9018 0 -300 0
45 150 -1.89085 0 -300 0
50 150 -1.01393 0 -300 0
55 150 -0.256698 0 -300 0
60 150 0.389968 0 -300 0
65 150 0.931785 0 -300 0
70 150 1.37226 0 -300 0
75 150 1.71349 0 -300 0
80 150 1.95664 0 -300 0
85 150 2.10234 0 -300 0
90 150 2.15088 0 -300 0
95 150 2.10234 0 -300 0
100 150 1.95664 0 -300 0
105 150 1.71349 0 -300 0
110 150 1.37226 0 -300 0
115 150 0.931785 0 -300 0
120 150 0.389968 0 -300 0
125 150 -0.256698 0 -300 0
130 150 -1.01393 0 -300 0
135 150 -1.89085 0 -300 0
140 150 -2.9018 0 -300 0
145 150 -4.06942 0 -300 0
150 150 -5.42988 0 -300 0
155 150 -7.043 0 -300 0
160 150 -9.01334 0 -300 0
165 150 -11.5423 0 -300 0
170 150 -15.0885 0 -300 0
175 150 -21.1249 0 -300 0
180 150 -3.86972 0 -300 0
0 155 -300 0 -300 0
5 155 -21.1249 0 -300 0
10 155 -15.0885 0 -300 0
15 155 -11.5423 0 -300 0
20 155 -9.01334 0 -300 0
25 155 -7.043 0 -300 0
30 155 -5.42988 0 -300 0
35 155 -4.06942 0 -300 0
40 155 -2.9018 0 -300 0
45 155 -1.89085 0 -300 0
50 155 -1.01393 0 -300 0
55 155 -0.256698 0 -300 0
60 155 0.389968 0 -300 0
65 155 0.931785 0 -300 0
70 155 1.37226 0 -300 0
75 155 1.71349 0 -300 0
80 155 1.95664 0 -300 0
85 155 2.10234 0 -300 0
90 155 2.15088 0 -300 0
95 155 2.10234 0 -300 0
100 155 1.95664 0 -300 0
105 155 1.71349 0 -300 0
110 155 1.37226 0 -300 0
115 155 0.931785 0 -300 0
120 155 0.389968 0 -300 0
125 155 -0.256698 0 -300 0
130 155 -1.01393 0 -300 0
135 155 -1.89085 0 -300 0
140 155 -2.9018 0 -300 0
145 155 -4.06942 0 -300 0
150 155 -5.42988 0 -300 0
155 155 -7.043 0 -300 0
160 155 -9.01334 0 -300 0
165 155 -11.5423 0 -300 0
170 155 -15.0885 0 -300 0
175 155 -21.1249 0 -300 0
180 155 -3.86972 0 -300 0
0 160 -300 0 -300 0
5 160 -21.1249 0 -300 0
10 160 -15.0885 0 -300 0
15 160 -11.5423 0 -300 0
20 160 -9.01334 0 -300 0
25 160 -7.043 0 -300 0
30 160 -5.42988 0 -300 0
35 160 -4.06942 0 -300 0
40 160 -2.9018 0 -300 0
45 160 -1.89085 0 -300 0
50 160 -1.01393 0 -300 0
55 160 -0.256698 0 -300 0
60 160 0.389968 0 -300 0
65 160 0.931785 0 -300 0
70 160 1.37226 0 -300 0
75 160 1.71349 0 -300 0
80 160 1.95664 0 -300 0
85 160 2.10234 0 -300 0
90 160 2.15088 0 -300 0
95 160 2.10234 0 -300 0
100 160 1.95664 0 -300 0
105 160 1.71349 0 -300 0
110 160 1.37226 0 -300 0
115 160 0.931785 0 -300 0
120 160 0.389968 0 -300 0
125 160 -0.256698 0 -300 0
130 160 -1.01393 0 -300 0
135 160 -1.89085 0 -300 0
140 160 -2.9018 0 -300 0
145 160 -4.06942 0 -300 0
150 160 -5.42988 0 -300 0
155 160 -7.043 0 -300 0
160 160 -9.01334 0 -300 0
165 160 -11.5423 0 -300 0
170 160 -15.0885 0 -300 0
175 160 -21.1249 0 -300 0
180 160 -3.86972 0 -300 0
0 165 -300 0 -300 0
5 165 -21.1249 0 -300 0
10 165 -15.0885 0 -300 0
15 165 -11.5423 0 -300 0
20 165 -9.01334 0 -300 0
25 165 -7.043 0 -300 0
30 165 -5.42988 0 -300 0
35 165 -4.06942 0 -300 0
40 165 -2.9018 0 -300 0
45 165 -1.89085 0 -300 0
50 165 -1.01393 0 -300 0
55 165 -0.256698 0 -300 0
60 165 0.389968 0 -300 0
65 165 0.931785 0 -300 0
70 165 1.37226 0 -300 0
75 165 1.71349 0 -300 0
80 165 1.95664 0 -300 0
85 165 2.10234 0 -300 0
90 165 2.15088 0 -300 0
95 165 2.10234 0 -300 0
100 165 1.95664 0 -300 0
105 165 1.71349 0 -300 0
110 165 1.37226 0 -300 0
115 165 0.931785 0 -300 0
120 165 0.389968 0 -300 0
125 165 -0.256698 0 -300 0
130 165 -1.01393 0 -300 0
135 165 -1.89085 0 -300 0
140 165 -2.9018 0 -300 0
145 165 -4.06942 0 -300 0
150 165 -5.42988 0 -300 0
155 165 -7.043 0 -300 0
160 165 -9.01334 0 -300 0
165 165 -11.5423 0 -300 0
170 165 -15.0885 0 -300 0
175 165 -21.1249 0 -300 0
180 165 -3.86972 0 -300 0
0 170 -300 0 -300 0
5 170 -21.1249 0 -300 0
10 170 -15.0885 0 -300 0
15 170 -11.5423 0 -300 0
20 170 -9.01334 0 -300 0
25 170 -7.043 0 -300 0
30 170 -5.42988 0 -300 0
35 170 -4.06942 0 -300 0
40 170 -2.9018 0 -300 0
45 170 -1.89085 0 -300 0
50 170 -1.01393 0 -300 0
55 170 -0.256698 0 -300 0
60 170 0.389968 0 -300 0
65 170 0.931785 0 -300 0
70 170 1.37226 0 -300 0
75 170 1.71349 0 -300 0
80 170 1.95664 0 -300 0
85 170 2.10234 0 -300 0
90 170 2.15088 0 -300 0
95 170 2.10234 0 -300 0
100 170 1.95664 0 -300 0
105 170 1.71349 0 -300 0
110 170 1.37226 0 -300 0
115 170 0.931785 0 -300 0
120 170 0.389968 0 -300 0
125 170 -0.256698 0 -300 0
130 170 -1.01393 0 -300 0
135 170 -1.89085 0 -300 0
140 170 -2.9018 0 -300 0
145 170 -4.06942 0 -300 0
150 170 -5.42988 0 -300 0
155 170 -7.043 0 -300 0
160 170 -9.01334 0 -300 0
165 170 -11.5423 0 -300 0
170 170 -15.0885 0 -300 0
175 170 -21.1249 0 -300 0
180 170 -3.86972 0 -300 0
0 175 -300 0 -300 0
5 175 -21.1249 0 -300 0
10 175 -15.0885 0 -300 0
15 175 -11.5423 0 -300 0
20 175 -9.01334 0 -300 0
25 175 -7.043 0 -300 0
30 175 -5.42988 0 -300 0
35 175 -4.06942 0 -300 0
40 175 -2.9018 0 -300 0
45 175 -1.89085 0 -300 0
50 175 -1.01393 0 -300 0
55 175 -0.256698 0 -300 0
60 175 0.389968 0 -300 0
65 175 0.931785 0 -300 0
70 175 1.37226 0 -300 0
75 175 1.71349 0 -300 0
80 175 1.95664 0 -300 0
85 175 2.10234 0 -300 0
90 175 2.15088 0 -300 0
95 175 2.10234 0 -300 0
100 175 1.95664 0 -300 0
105 175 1.71349 0 -300 0
110 175 1.37226 0 -300 0
115 175 0.931785 0 -300 0
120 175 0.389968 0 -300 0
125 175 -0.256698 0 -300 0
130 175 -1.01393 0 -300 0
135 175 -1.89085 0 -300 0
140 175 -2.9018 0 -300 0
145 175 -4.06942 0 -300 0
150 175 -5.42988 0 -300 0
155 175 -7.043 0 -300 0
160 175 -9.01334 0 -300 0
165 175 -11.5423 0 -300 0
170 175 -15.0885 0 -300 0
175 175 -21.1249 0 -300 0
180 175 -3.86972 0 -300 0
0 180 -300 0 -300 0
5 180 -21.1249 0 -300 0
10 180 -15.0885 0 -300 0
15 180 -11.5423 0 -300 0
20 180 -9.01334 0 -300 0
25 180 -7.043 0 -300 0
30 180 -5.42988 0 -300 0
35 180 -4.06942 0 -300 0
40 180 -2.9018 0 -300 0
45 180 -1.89085 0 -300 0
50 180 -1.01393 0 -300 0
55 180 -0.256698 0 -300 0
60 180 0.389968 0 -300 0
65 180 0.931785 0 -300 0
70 180 1.37226 0 -300 0
75 180 1.71349 0 -300 0
80 180 1.95664 0 -300 0
85 180 2.10234 0 -300 0
90 180 2.15088 0 -300 0
95 180 2.10234 0 -300 0
100 180 1.95664 0 -300 0
105 180 1.71349 0 -300 0
110 180 1.37226 0 -300 0
115 180 0.931785 0 -300 0
120 180 0.389968 0 -300 0
125 180 -0.256698 0 -300 0
130 180 -1.01393 0 -300 0
135 180 -1.89085 0 -300 0
140 180 -2.9018 0 -300 0
145 180 -4.06942 0 -300 0
150 180 -5.42988 0 -300 0
155 180 -7.043 0 -300 0
160 180 -9.01334 0 -300 0
165 180 -11.5423 0 -300 0
170 180 -15.0885 0 -300 0
175 180 -21.1249 0 -300 0
180 180 -3.86972 0 -300 0
0 185 -300 0 -300 0
5 185 -21.1249 0 -300 0
10 185 -15.0885 0 -300 0
15 185 -11.5423 0 -300 0
20 185 -9.01334 0 -300 0
25 185 -7.043 0 -300 0
30 185 -5.42988 0 -300 0
35 185 -4.06942 0 -300 0
40 185 -2.9018 0 -300 0
45 185 -1.89085 0 -300 0
50 185 -1.01393 0 -300 0
55 185 -0.256698 0 -300 0
60 185 0.389968 0 -300 0
65 185 0.931785 0 -300 0
70 185 1.37226 0 -300 0
75 185 1.71349 0 -300 0
80 185 1.95664 0 -300 0
85 185 2.10234 0 -300 0
90 185 2.15088 0 -300 0
95 185 2.10234 0 -300 0
100 185 1.95664 0 -300 0
105 185 1.71349 0 -300 0
110 185 1.37226 0 -300 0
115 185 0.931785 0 -300 0
120 185 0.389968 0 -300 0
125 185 -0.256698 0 -300 0
130 185 -1.01393 0 -300 0
135 185 -1.89085 0 -300 0
140 185 -2.9018 0 -300 0
145 185 -4.06942 0 -300 0
150 185 -5.42988 0 -300 0
155 185 -7.043 0 -300 0
160 185 -9.01334 0 -300 0
165 185 -11.5423 0 -300 0
170 185 -15.0885 0 -300 0
175 185 -21.1249 0 -300 0
180 185 -3.86972 0 -300 0
0 190 -300 0 -300 0
5 190 -21.1249 0 -300 0
10 190 -15.0885 0 -300 0
15 190 -11.5423 0 -300 0
20 190 -9.01334 0 -300 0
25 190 -7.043 0 -300 0
30 190 -5.42988 0 -300 0
35 190 -4.06942 0 -300 0
40 190 -2.9018 0 -300 0
45 190 -1.89085 0 -300 0
50 190 -1.01393 0 -300 0
55 190 -0.256698 0 -300 0
60 190 0.389968 0 -300 0
65 190 0.931785 0 -300 0
70 190 1.37226 0 -300 0
75 190 1.71349 0 -300 0
80 190 1.95664 0 -300 0
85 190 2.10234 0 -300 0
90 190 2.15088 0 -300 0
95 190 2.10234 0 -300 0
100 190 1.95664 0 -300 0
105 190 1.71349 0 -300 0
110 190 1.37226 0 -300 0
115 190 0.931785 0 -300 0
120 190 0.389968 0 -300 0
125 190 -0.256698 0 -300 0
130 190 -1.01393 0 -300 0
135 190 -1.89085 0 -300 0
140 190 -2.9018 0 -300 0
145 190 -4.06942 0 -300 0
150 190 -5.42988 0 -300 0
155 190 -7.043 0 -300 0
160 190 -9.01334 0 -300 0
165 190 -11.5423 0 -300 0
170 190 -15.0885 0 -300 0
175 190 -21.1249 0 -300 0
180 190 -3.86972 0 -300 0
0 195 -300 0 -300 0
5 195 -21.1249 0 -300 0
10 195 -15.0885 0 -300 0
15 195 -11.5423 0 -300 0
20 195 -9.01334 0 -300 0
25 195 -7.043 0 -300 0
30 195 -5.42988 0 -300 0
35 195 -4.06942 0 -300 0
40 195 -2.9018 0 -300 0
45 195 -1.89085 0 -300 0
50 195 -1.01393 0 -300 0
55 195 -0.256698 0 -300 0
60 195 0.389968 0 -300 0
65 195 0.931785 0 -300 0
70 195 1.37226 0 -300 0
75 195 1.71349 0 -300 0
80 195 1.95664 0 -300 0
85 195 2.10234 0 -300 0
90 195 2.15088 0 -300 0
95 195 2.10234 0 -300 0
100 195 1.95664 0 -300 0
105 195 1.71349 0 -300 0
110 195 1.37226 0 -300 0
115 195 0.931785 0 -300 0
120 195 0.389968 0 -300 0
125 195 -0.256698 0 -300 0
130 195 -1.01393 0 -300 0
135 195 -1.89085 0 -300 0
140 195 -2.9018 0 -300 0
145 195 -4.06942 0 -300 0
150 195 -5.42988 0 -300 0
155 195 -7.043 0 -300 0
160 195 -9.01334 0 -300 0
165 195 -11.5423 0 -300 0
170 195 -15.0885 0 -300 0
175 195 -21.1249 0 -300 0
180 195 -3.86972 0 -300 0
0 200 -300 0 -300 0
5 200 -21.1249 0 -300 0
10 200 -15.0885 0 -300 0
15 200 -11.5423 0 -300 0
20 200 -9.01334 0 -300 0
25 200 -7.043 0 -300 0
30 200 -5.42988 0 -300 0
35 200 -4.06942 0 -300 0
40 200 -2.9018 0 -300 0
45 200 -1.89085 0 -300 0
50 200 -1.01393 0 -300 0
55 200 -0.256698 0 -300 0
60 200 0.389968 0 -300 0
65 200 0.931785 0 -300 0
70 200 1.37226 0 -300 0
75 200 1.71349 0 -300 0
80 200 1.95664 0 -300 0
85 200 2.10234 0 -300 0
90 200 2.15088 0 -300 0
95 200 2.10234 0 -300 0
100 200 1.95664 0 -300 0
105 200 1.71349 0 -300 0
110 200 1.37226 0 -300 0
115 200 0.931785 0 -300 0
120 200 0.389968 0 -300 0
125 200 -0.256698 0 -300 0
130 200 -1.01393 0 -300 0
135 200 -1.89085 0 -300 0
140 200 -2.9018 0 -300 0
145 200 -4.06942 0 -300 0
150 200 -5.42988 0 -300 0
155 200 -7.043 0 -300 0
160 200 -9.01334 0 -300 0
165 200 -11.5423 0 -300 0
170 200 -15.0885 0 -300 0
175 200 -21.1249 0 -300 0
180 200 -3.86972 0 -300 0
0 205 -300 0 -300 0
5 205 -21.1249 0 -300 0
10 205 -15.0885 0 -300 0
15 205 -11.5423 0 -300 0
20 205 -9.01334 0 -300 0
25 205 -7.043 0 -300 0
30 205 -5.42988 0 -300 0
35 205 -4.06942 0 -300 0
40 205 -2.9018 0 -300 0
45 205 -1.89085 0 -300 0
50 205 -1.01393 0 -300 0
55 205 -0.256698 0 -300 0
60 205 0.389968 0 -300 0
65 205 0.931785 0 -300 0
70 205 1.37226 0 -300 0
75 205 1.71349 0 -300 0
80 205 1.95664 0 -300 0
85 205 2.10234 0 -300 0
90 205 2.15088 0 -300 0
95 205 2.10234 0 -300 0
100 205 1.95664 0 -300 0
105 205 1.71349 0 -300 0
110 205 1.37226 0 -300 0
115 205 0.931785 0 -300 0
120 205 0.389968 0 -300 0
125 205 -0.256698 0 -300 0
130 205 -1.01393 0 -300 0
135 205 -1.89085 0 -300 0
140 205 -2.9018 0 -300 0
145 205 -4.06942 0 -300 0
150 205 -5.42988 0 -300 0
155 205 -7.043 0 -300 0
160 205 -9.01334 0 -300 0
165 205 -11.5423 0 -300 0
170 205 -15.0885 0 -300 0
175 205 -21.1249 0 -300 0
180 205 -3.86972 0 -300 0
0 210 -300 0 -300 0
5 210 -21.1249 0 -300 0
10 210 -15.0885 0 -300 0
15 210 -11.5423 0 -300 0
20 210 -9.01334 0 -300 0
25 210 -7.043 0 -300 0
30 210 -5.42988 0 -300 0
35 210 -4.06942 0 -300 0
40 210 -2.9018 0 -300 0
45 210 -1.89085 0 -300 0
50 210 -1.01393 0 -300 0
55 210 -0.256698 0 -300 0
60 210 0.389968 0 -300 0
65 210 0.931785 0 -300 0
70 210 1.37226 0 -300 0
75 210 1.71349 0 -300 0
80 210 1.95664 0 -300 0
85 210 2.10234 0 -300 0
90 210 2.15088 0 -300 0
95 210 2.10234 0 -300 0
100 210 1.95664 0 -300 0
105 210 1.71349 0 -300 0
110 210 1.37226 0 -300 0
115 210 0.931785 0 -300 0
120 210 0.389968 0 -300 0
125 210 -0.256698 0 -300 0
130 210 -1.01393 0 -300 0
135 210 -1.89085 0 -300 0
140 210 -2.9018 0 -300 0
145 210 -4.06942 0 -300 0
150 210 -5.42988 0 -300 0
155 210 -7.043 0 -300 0
160 210 -9.01334 0 -300 0
165 210 -11.5423 0 -300 0
170 210 -15.0885 0 -300 0
175 210 -21.1249 0 -300 0
180 210 -3.86972 0 -300 0
0 215 -300 0 -300 0
5 215 -21.1249 0 -300 0
10 215 -15.0885 0 -300 0
15 215 -11.5423 0 -300 0
20 215 -9.01334 0 -300 0
25 215 -7.043 0 -300 0
30 215 -5.42988 0 -300 0
35 215 -4.06942 0 -300 0
40 215 -2.9018 0 -300 0
45 215 -1.89085 0 -300 0
50 215 -1.01393 0 -300 0
55 215 -0.256698 0 -300 0
60 215 0.389968 0 -300 0
65 215 0.931785 0 -300 0
70 215 1.37226 0 -300 0
75 215 1.71349 0 -300 0
80 215 1.95664 0 -300 0
85 215 2.10234 0 -300 0
90 215 2.15088 0 -300 0
95 215 2.10234 0 -300 0
100 215 1.95664 0 -300 0
105 215 1.71349 0 -300 0
110 215 1.37226 0 -300 0
115 215 0.931785 0 -300 0
120 215 0.389968 0 -300 0
125 215 -0.256698 0 -300 0
130 215 -1.01393 0 -300 0
135 215 -1.89085 0 -300 0
140 215 -2.9018 0 -300 0
145 215 -4.06942 0 -300 0
150 215 -5.42988 0 -300 0
155 215 -7.043 0 -300 0
160 215 -9.01334 0 -300 0
165 215 -11.5423 0 -300 0
170 215 -15.0885 0 -300 0
175 215 -21.1249 0 -300 0
180 215 -3.86972 0 -300 0
0 220 -300 0 -300 0
5 220 -21.1249 0 -300 0
10 220 -15.0885 0 -300 0
15 220 -11.5423 0 -300 0
20 220 -9.01334 0 -300 0
25 220 -7.043 0 -300 0
30 220 -5.42988 0 -300 0
35 220 -4.06942 0 -300 0
40 220 -2.9018 0 -300 0
45 220 -1.89085 0 -300 0
50 220 -1.01393 0 -300 0
55 220 -0.256698 0 -300 0
60 220 0.389968 0 -300 0
65 220 0.931785 0 -300 0
70 220 1.37226 0 -300 0
75 220 1.71349 0 -300 0
80 220 1.95664 0 -300 0
85 220 2.10234 0 -300 0
90 220 2.15088 0 -300 0
95 220 2.10234 0 -300 0
100 220 1.95664 0 -300 0
105 220 1.71349 0 -300 0
110 220 1.37226 0 -300 0
115 220 0.931785 0 -300 0
120 220 0.389968 0 -300 0
125 220 -0.256698 0 -300 0
130 220 -1.01393 0 -300 0
135 220 -1.89085 0 -300 0
140 220 -2.9018 0 -300 0
145 220 -4.06942 0 -300 0
150 220 -5.42988 0 -300 0
155 220 -7.043 0 -300 0
160 220 -9.01334 0 -300 0
165 220 -11.5423 0 -300 0
170 220 -15.0885 0 -300 0
175 220 -21.1249 0 -300 0
180 220 -3.86972 0 -300 0
0 225 -300 0 -300 0
5 225 -21.1249 0 -300 0
10 225 -15.0885 0 -300 0
15 225 -11.5423 0 -300 0
20 225 -9.01334 0 -300 0
25 225 -7.043 0 -300 0
30 225 -5.42988 0 -300 0
35 225 -4.06942 0 -300 0
40 225 -2.9018 0 -300 0
45 225 -1.89085 0 -300 0
50 225 -1.01393 0 -300 0
55 225 -0.256698 0 -300 0
60 225 0.389968 0 -300 0
65 225 0.931785 0 -300 0
70 225 1.37226 0 -300 0
75 225 1.71349 0 -300 0
80 225 1.95664 0 -300 0
85 225 2.10234 0 -300 0
90 225 2.15088 0 -300 0
95 225 2.10234 0 -300 0
100 225 1.95664 0 -300 0
105 225 1.71349 0 -300 0
110 225 1.37226 0 -300 0
115 225 0.931785 0 -300 0
120 225 0.389968 0 -300 0
125 225 -0.256698 0 -300 0
130 225 -1.01393 0 -300 0
135 225 -1.89085 0 -300 0
140 225 -2.9018 0 -300 0
145 225 -4.06942 0 -300 0
150 225 -5.42988 0 -300 0
155 225 -7.043 0 -300 0
160 225 -9.01334 0 -300 0
165 225 -11.5423 0 -300 0
170 225 -15.0885 0 -300 0
175 225 -21.1249 0 -300 0
180 225 -3.86972 0 -300 0
0 230 -300 0 -300 0
5 230 -21.1249 0 -300 0
10 230 -15.0885 0 -300 0
15 230 -11.5423 0 -300 0
20 230 -9.01334 0 -300 0
25 230 -7.043 0 -300 0
30 230 -5.42988 0 -300 0
35 230 -4.06942 0 -300 0
40 230 -2.9018 0 -300 0
45 230 -1.89085 0 -300 0
50 230 -1.01393 0 -300 0
55 230 -0.256698 0 -300 0
60 230 0.389968 0 -300 0
65 230 0.931785 0 -300 0
70 230 1.37226 0 -300 0
75 230 1.71349 0 -300 0
80 230 1.95664 0 -300 0
85 230 2.10234 0 -300 0
90 230 2.15088 0 -300 0
95 230 2.10234 0 -300 0
100 230 1.95664 0 -300 0
105 230 1.71349 0 -300 0
110 230 1.37226 0 -300 0
115 230 0.931785 0 -300 0
120 230 0.389968 0 -300 0
125 230 -0.256698 0 -300 0
130 230 -1.01393 0 -300 0
135 230 -1.89085 0 -300 0
140 230 -2.9018 0 -300 0
145 230 -4.06942 0 -300 0
150 230 -5.42988 0 -300 0
155 230 -7.043 0 -300 0
160 230 -9.01334 0 -300 0
165 230 -11.5423 0 -300 0
170 230 -15.0885 0 -300 0
175 230 -21.1249 0 -300 0
180 230 -3.86972 0 -300 0
0 235 -300 0 -300 0
5 235 -21.1249 0 -300 0
10 235 -15.0885 0 -300 0
15 235 -11.5423 0 -300 0
20 235 -9.01334 0 -300 0
25 235 -7.043 0 -300 0
30 235 -5.42988 0 -300 0
35 235 -4.06942 0 -300 0
40 235 -2.9018 0 -300 0
45 235 -1.89085 0 -300 0
50 235 -1.01393 0 -300 0
55 235 -0.256698 0 -300 0
60 235 0.389968 0 -300 0
65 235 0.931785 0 -300 0
70 235 1.37226 0 -300 0
75 235 1.71349 0 -300 0
80 235 1.95664 0 -300 0
85 235 2.10234 0 -300 0
90 235 2.15088 0 -300 0
95 235 2.10234 0 -300 0
100 235 1.95664 0 -300 0
105 235 1.71349 0 -300 0
110 235 1.37226 0 -300 0
115 235 0.931785 0 -300 0
120 235 0.389968 0 -300 0
125 235 -0.256698 0 -300 0
130 235 -1.01393 0 -300 0
135 235 -1.89085 0 -300 0
140 235 -2.9018 0 -300 0
145 235 -4.06942 0 -300 0
150 235 -5.42988 0 -300 0
155 235 -7.043 0 -300 0
160 235 -9.01334 0 -300 0
165 235 -11.5423 0 -300 0
170 235 -15.0885 0 -300 0
175 235 -21.1249 0 -300 0
180 235 -3.86972 0 -300 0
0 240 -300 0 -300 0
5 240 -21.1249 0 -300 0
10 240 -15.0885 0 -300 0
15 240 -11.5423 0 -300 0
20 240 -9.01334 0 -300 0
25 240 -7.043 0 -300 0
30 240 -5.42988 0 -300 0
35 240 -4.06942 0 -300 0
40 240 -2.9018 0 -300 0
45 240 -1.89085 0 -300 0
50 240 -1.01393 0 -300 0
55 240 -0.256698 0 -300 0
60 240 0.389968 0 -300 0
65 240 0.931785 0 -300 0
70 240 1.37226 0 -300 0
75 240 1.71349 0 -300 0
80 240 1.95664 0 -300 0
85 240 2.10234 0 -300 0
90 240 2.15088 0 -300 0
95 240 2.10234 0 -300 0
100 240 1.95664 0 -300 0
105 240 1.71349 0 -300 0
110 240 1.37226 0 -300 0
115 240 0.931785 0 -300 0
120 240 0.389968 0 -300 0
125 240 -0.256698 0 -300 0
130 240 -1.01393 0 -300 0
135 240 -1.89085 0 -300 0
140 240 -2.9018 0 -300 0
145 240 -4.06942 0 -300 0
150 240 -5.42988 0 -300 0
155 240 -7.043 0 -300 0
160 240 -9.01334 0 -300 0
165 240 -11.5423 0 -300 0
170 240 -15.0885 0 -300 0
175 240 -21.1249 0 -300 0
180 240 -3.86972 0 -300 0
0 245 -300 0 -300 0
5 245 -21.1249 0 -300 0
10 245 -15.0885 0 -300 0
15 245 -11.5423 0 -300 0
20 245 -9.01334 0 -300 0
25 245 -7.043 0 -300 0
30 245 -5.42988 0 -300 0
35 245 -4.06942 0 -300 0
40 245 -2.9018 0 -300 0
45 245 -1.89085 0 -300 0
50 245 -1.01393 0 -300 0
55 245 -0.256698 0 -300 0
60 245 0.389968 0 -300 0
65 245 0.931785 0 -300 0
70 245 1.37226 0 -300 0
75 245 1.71349 0 -300 0
80 245 1.95664 0 -300 0
85 245 2.10234 0 -300 0
90 245 2.15088 0 -300 0
95 245 2.10234 0 -300 0
100 245 1.95664 0 -300 0
105 245 1.71349 0 -300 0
110 245 1.37226 0 -300 0
115 245 0.931785 0 -300 0
120 245 0.389968 0 -300 0
125 245 -0.256698 0 -300 0
130 245 -1.01393 0 -300 0
135 245 -1.89085 0 -300 0
140 245 -2.9018 0 -300 0
145 245 -4.06942 0 -300 0
150 245 -5.42988 0 -300 0
155 245 -7.043 0 -300 0
160 245 -9.01334 0 -300 0
165 245 -11.5423 0 -300 0
170 245 -15.0885 0 -300 0
175 245 -21.1249 0 -300 0
180 245 -3.86972 0 -300 0
0 250 -300 0 -300 0
5 250 -21.1249 0 -300 0
10 250 -15.0885 0 -300 0
15 250 -11.5423 0 -300 0
20 250 -9.01334 0 -300 0
25 250 -7.043 0 -300 0
30 250 -5.42988 0 -300 0
35 250 -4.06942 0 -300 0
40 250 -2.9018 0 -300 0
45 250 -1.89085 0 -300 0
50 250 -1.01393 0 -300 0
55 250 -0.256698 0 -300 0
60 250 0.389968 0 -300 0
65 250 0.931785 0 -300 0
70 250 1.37226 0 -300 0
75 250 1.71349 0 -300 0
80 250 1.95664 0 -300 0
85 250 2.10234 0 -300 0
90 250 2.15088 0 -300 0
95 250 2.10234 0 -300 0
100 250 1.95664 0 -300 0
105 250 1.71349 0 -300 0
110 250 1.37226 0 -300 0
115 250 0.931785 0 -300 0
120 250 0.389968 0 -300 0
125 250 -0.256698 0 -300 0
130 250 -1.01393 0 -300 0
135 250 -1.89085 0 -300 0
140 250 -2.9018 0 -300 0
145 250 -4.06942 0 -300 0
150 250 -5.42988 0 -300 0
155 250 -7.043 0 -300 0
160 250 -9.01334 0 -300 0
165 250 -11.5423 0 -300 0
170 250 -15.0885 0 -300 0
175 250 -21.1249 0 -300 0
180 250 -3.86972 0 -300 0
0 255 -300 0 -300 0
5 255 -21.1249 0 -300 0
10 255 -15.0885 0 -300 0
15 255 -11.5423 0 -300 0
20 255 -9.01334 0 -300 0
25 255 -7.043 0 -300 0
30 255 -5.42988 0 -300 0
35 255 -4.06942 0 -300 0
40 255 -2.9018 0 -300 0
45 255 -1.89085 0 -300 0
50 255 -1.01393 0 -300 0
55 255 -0.256698 0 -300 0
60 255 0.389968 0 -300 0
65 255 0.931785 0 -300 0
70 255 1.37226 0 -300 0
75 255 1.71349 0 -300 0
80 255 1.95664 0 -300 0
85 255 2.10234 0 -300 0
90 255 2.15088 0 -300 0
95 255 2.10234 0 -300 0
100 255 1.95664 0 -300 0
105 255 1.71349 0 -300 0
110 255 1.37226 0 -300 0
115 255 0.931785 0 -300 0
120 255 0.389968 0 -300 0
125 255 -0.256698 0 -300 0
130 255 -1.01393 0 -300 0
135 255 -1.89085 0 -300 0
140 255 -2.9018 0 -300 0
145 255 -4.06942 0 -300 0
150 255 -5.42988 0 -300 0
155 255 -7.043 0 -300 0
160 255 -9.01334 0 -300 0
165 255 -11.5423 0 -300 0
170 255 -15.0885 0 -300 0
175 255 -21.1249 0 -300 0
180 255 -3.86972 0 -300 0
0 260 -300 0 -300 0
5 260 -21.1249 0 -300 0
10 260 -15.0885 0 -300 0
15 260 -11.5423 0 -300 0
20 260 -9.01334 0 -300 0
25 260 -7.043 0 -300 0
30 260 -5.42988 0 -300 0
35 260 -4.06942 0 -300 0
40 260 -2.9018 0 -300 0
45 260 -1.89085 0 -300 0
50 260 -1.01393 0 -300 0
55 260 -0.256698 0 -300 0
60 260 0.389968 0 -300 0
65 260 0.931785 0 -300 0
70 260 1.37226 0 -300 0
75 260 1.71349 0 -300 0
80 260 1.95664 0 -300 0
85 260 2.10234 0 -300 0
90 260 2.15088 0 -300 0
95 260 2.10234 0 -300 0
100 260 1.95664 0 -300 0
105 260 1.71349 0 -300 0
110 260 1.37226 0 -300 0
115 260 0.931785 0 -300 0
120 260 0.389968 0 -300 0
125 260 -0.256698 0 -300 0
130 260 -1.01393 0 -300 0
135 260 -1.89085 0 -300 0
140 260 -2.9018 0 -300 0
145 260 -4.06942 0 -300 0
150 260 -5.42988 0 -300 0
155 260 -7.043 0 -300 0
160 260 -9.01334 0 -300 0
165 260 -11.5423 0 -300 0
170 260 -15.0885 0 -300 0
175 260 -21.1249 0 -300 0
180 260 -3.86972 0 -300 0
0 265 -300 0 -300 0
5 265 -21.1249 0 -300 0
10 265 -15.0885 0 -300 0
15 265 -11.5423 0 -300 0
20 265 -9.01334 0 -300 0
25 265 -7.043 0 -300 0
30 265 -5.42988 0 -300 0
35 265 -4.06942 0 -300 0
40 265 -2.9018 0 -300 0
45 265 -1.89085 0 -300 0
50 265 -1.01393 0 -300 0
55 265 -0.256698 0 -300 0
60 265 0.389968 0 -300 0
65 265 0.931785 0 -300 0
70 265 1.37226 0 -300 0
75 265 1.71349 0 -300 0
80 265 1.95664 0 -300 0
85 265 2.10234 0 -300 0
90 265 2.15088 0 -300 0
95 265 2.10234 0 -300 0
100 265 1.95664 0 -300 0
105 265 1.71349 0 -300 0
110 265 1.37226 0 -300 0
115 265 0.931785 0 -300 0
120 265 0.389968 0 -300 0
125 265 -0.256698 0 -300 0
130 265 -1.01393 0 -300 0
135 265 -1.89085 0 -300 0
140 265 -2.9018 0 -300 0
145 265 -4.06942 0 -300 0
150 265 -5.42988 0 -300 0
155 265 -7.043 0 -300 0
160 265 -9.01334 0 -300 0
165 265 -11.5423 0 -300 0
170 265 -15.0885 0 -300 0
175 265 -21.1249 0 -300 0
180 265 -3.86972 0 -300 0
0 270 -300 0 -300 0
5 270 -21.1249 0 -300 0
10 270 -15.0885 0 -300 0
15 270 -11.5423 0 -300 0
20 270 -9.01334 0 -300 0
25 270 -7.043 0 -300 0
30 270 -5.42988 0 -300 0
35 270 -4.06942 0 -300 0
40 270 -2.9018 0 -300 0
45 270 -1.89085 0 -300 0
50 270 -1.01393 0 -300 0
55 270 -0.256698 0 -300 0
60 270 0.389968 0 -300 0
65 270 0.931785 0 -300 0
70 270 1.37226 0 -300 0
75 270 1.71349 0 -300 0
80 270 1.95664 0 -300 0
85 270 2.10234 0 -300 0
90 270 2.15088 0 -300 0
95 270 2.10234 0 -300 0
100 270 1.95664 0 -300 0
105 270 1.71349 0 -300 0
110 270 1.37226 0 -300 0
115 270 0.931785 0 -300 0
120 270 0.389968 0 -300 0
125 270 -0.256698 0 -300 0
130 270 -1.01393 0 -300 0
135 270 -1.89085 0 -300 0
140 270 -2.9018 0 -300 0
145 270 -4.06942 0 -300 0
150 270 -5.42988 0 -300 0
155 270 -7.043 0 -300 0
160 270 -9.01334 0 -300 0
165 270 -11.5423 0 -300 0
170 270 -15.0885 0 -300 0
175 270 -21.1249 0 -300 0
180 270 -3.86972 0 -300 0
0 275 -300 0 -300 0
5 275 -21.1249 0 -300 0
10 275 -15.0885 0 -300 0
15 275 -11.5423 0 -300 0
20 275 -9.01334 0 -300 0
25 275 -7.043 0 -300 0
30 275 -5.42988 0 -300 0
35 275 -4.06942 0 -300 0
40 275 -2.9018 0 -300 0
45 275 -1.89085 0 -300 0
50 275 -1.01393 0 -300 0
55 275 -0.256698 0 -300 0
60 275 0.389968 0 -300 0
65 275 0.931785 0 -300 0
70 275 1.37226 0 -300 0
75 275 1.71349 0 -300 0
80 275 1.95664 0 -300 0
85 275 2.10234 0 -300 0
90 275 2.15088 0 -300 0
95 275 2.10234 0 -300 0
100 275 1.95664 0 -300 0
105 275 1.71349 0 -300 0
110 275 1.37226 0 -300 0
115 275 0.931785 0 -300 0
120 275 0.389968 0 -300 0
125 275 -0.256698 0 -300 0
130 275 -1.01393 0 -300 0
135 275 -1.89085 0 -300 0
140 275 -2.9018 0 -300 0
145 275 -4.06942 0 -300 0
150 275 -5.42988 0 -300 0
155 275 -7.043 0 -300 0
160 275 -9.01334 0 -300 0
165 275 -11.5423 0 -300 0
170 275 -15.0885 0 -300 0
175 275 -21.1249 0 -300 0
180 275 -3.86972 0 -300 0
0 280 -300 0 -300 0
5 280 -21.1249 0 -300 0
10 280 -15.0885 0 -300 0
15 280 -11.5423 0 -300 0
20 280 -9.01334 0 -300 0
25 280 -7.043 0 -300 0
30 280 -5.42988 0 -300 0
35 280 -4.06942 0 -300 0
40 280 -2.9018 0 -300 0
45 280 -1.89085 0 -300 0
50 280 -1.01393 0 -300 0
55 280 -0.256698 0 -300 0
60 280 0.389968 0 -300 0
65 280 0.931785 0 -300 0
70 280 1.37226 0 -300 0
75 280 1.71349 0 -300 0
80 280 1.95664 0 -300 0
85 280 2.10234 0 -300 0
90 280 2.15088 0 -300 0
95 280 2.10234 0 -300 0
100 280 1.95664 0 -300 0
105 280 1.71349 0 -300 0
110 280 1.37226 0 -300 0
115 280 0.931785 0 -300 0
120 280 0.389968 0 -300 0
125 280 -0.256698 0 -300 0
130 280 -1.01393 0 -300 0
135 280 -1.89085 0 -300 0
140 280 -2.9018 0 -300 0
145 280 -4.06942 0 -300 0
150 280 -5.42988 0 -300 0
155 280 -7.043 0 -300 0
160 280 -9.01334 0 -300 0
165 280 -11.5423 0 -300 0
170 280 -15.0885 0 -300 0
175 280 -21.1249 0 -300 0
180 280 -3.86972 0 -300 0
0 285 -300 0 -300 0
5 285 -21.1249 0 -300 0
10 285 -15.0885 0 -300 0
15 285 -11.5423 0 -300 0
20 285 -9.01334 0 -300 0
25 285 -7.043 0 -300 0
30 285 -5.42988 0 -300 0
35 285 -4.06942 0 -300 0
40 285 -2.9018 0 -300 0
45 285 -1.89085 0 -300 0
50 285 -1.01393 0 -300 0
55 285 -0.256698 0 -300 0
60 285 0.389968 0 -300 0
65 285 0.931785 0 -300 0
70 285 1.37226 0 -300 0
75 285 1.71349 0 -300 0
80 285 1.95664 0 -300 0
85 285 2.10234 0 -300 0
90 285 2.15088 0 -300 0
95 285 2.10234 0 -300 0
100 285 1.95664 0 -300 0
105 285 1.71349 0 -300 0
110 285 1.37226 0 -300 0
115 285 0.931785 0 -300 0
120 285 0.389968 0 -300 0
125 285 -0.256698 0 -300 0
130 285 -1.01393 0 -300 0
135 285 -1.89085 0 -300 0
140 285 -2.9018 0 -300 0
145 285 -4.06942 0 -300 0
150 285 -5.42988 0 -300 0
155 285 -7.043 0 -300 0
160 285 -9.01334 0 -300 0
165 285 -11.5423 0 -300 0
170 285 -15.0885 0 -300 0
175 285 -21.1249 0 -300 0
180 285 -3.86972 0 -300 0
0 290 -300 0 -300 0
5 290 -21.1249 0 -300 0
10 290 -15.0885 0 -300 0
15 290 -11.5423 0 -300 0
20 290 -9.01334 0 -300 0
25 290 -7.043 0 -300 0
30 290 -5.42988 0 -300 0
35 290 -4.06942 0 -300 0
40 290 -2.9018 0 -300 0
45 290 -1.89085 0 -300 0
50 290 -1.01393 0 -300 0
55 290 -0.256698 0 -300 0
60 290 0.389968 0 -300 0
65 290 0.931785 0 -300 0
70 290 1.37226 0 -300 0
75 290 1.71349 0 -300 0
80 290 1.95664 0 -300 0
85 290 2.10234 0 -300 0
90 290 2.15088 0 -300 0
95 290 2.10234 0 -300 0
100 290 1.95664 0 -300 0
105 290 1.71349 0 -300 0
110 290 1.37226 0 -300 0
115 290 0.931785 0 -300 0
120 290 0.389968 0 -300 0
125 290 -0.256698 0 -300 0
130 290 -1.01393 0 -300 0
135 290 -1.89085 0 -300 0
140 290 -2.9018 0 -300 0
145 290 -4.06942 0 -300 0
150 290 -5.42988 0 -300 0
155 290 -7.043 0 -300 0
160 290 -9.01334 0 -300 0
165 290 -11.5423 0 -300 0
170 290 -15.0885 0 -300 0
175 290 -21.1249 0 -300 0
180 290 -3.86972 0 -300 0
0 295 -300 0 -300 0
5 295 -21.1249 0 -300 0
10 295 -15.0885 0 -300 0
15 295 -11.5423 0 -300 0
20 295 -9.01334 0 -300 0
25 295 -7.043 0 -300 0
30 295 -5.42988 0 -300 0
35 295 -4.06942 0 -300 0
40 295 -2.9018 0 -300 0
45 295 -1.89085 0 -300 0
50 295 -1.01393 0 -300 0
55 295 -0.256698 0 -300 0
60 295 0.389968 0 -300 0
65 295 0.931785 0 -300 0
70 295 1.37226 0 -300 0
75 295 1.71349 0 -300 0
80 295 1.95664 0 -300 0
85 295 2.10234 0 -300 0
90 295 2.15088 0 -300 0
95 295 2.10234 0 -300 0
100 295 1.95664 0 -300 0
105 295 1.71349 0 -300 0
110 295 1.37226 0 -300 0
115 295 0.931785 0 -300 0
120 295 0.389968 0 -300 0
125 295 -0.256698 0 -300 0
130 295 -1.01393 0 -300 0
135 295 -1.89085 0 -300 0
140 295 -2.9018 0 -300 0
145 295 -4.06942 0 -300 0
150 295 -5.42988 0 -300 0
155 295 -7.043 0 -300 0
160 295 -9.01334 0 -300 0
165 295 -11.5423 0 -300 0
170 295 -15.0885 0 -300 0
175 295 -21.1249 0 -300 0
180 295 -3.86972 0 -300 0
0 300 -300 0 -300 0
5 300 -21.1249 0 -300 0
10 300 -15.0885 0 -300 0
15 300 -11.5423 0 -300 0
20 300 -9.01334 0 -300 0
25 300 -7.043 0 -300 0
30 300 -5.42988 0 -300 0
35 300 -4.06942 0 -300 0
40 300 -2.9018 0 -300 0
45 300 -1.89085 0 -300 0
50 300 -1.01393 0 -300 0
55 300 -0.256698 0 -300 0
60 300 0.389968 0 -300 0
65 300 0.931785 0 -300 0
70 300 1.37226 0 -300 0
75 300 1.71349 0 -300 0
80 300 1.95664 0 -300 0
85 300 2.10234 0 -300 0
90 300 2.15088 0 -300 0
95 300 2.10234 0 -300 0
100 300 1.95664 0 -300 0
105 300 1.71349 0 -300 0
110 300 1.37226 0 -300 0
115 300 0.931785 0 -300 0
120 300 0.389968 0 -300 0
125 300 -0.256698 0 -300 0
130 300 -1.01393 0 -300 0
135 300 -1.89085 0 -300 0
140 300 -2.9018 0 -300 0
145 300 -4.06942 0 -300 0
150 300 -5.42988 0 -300 0
155 300 -7.043 0 -300 0
160 300 -9.01334 0 -300 0
165 300 -11.5423 0 -300 0
170 300 -15.0885 0 -300 0
175 300 -21.1249 0 -300 0
180 300 -3.86972 0 -300 0
0 305 -300 0 -300 0
5 305 -21.1249 0 -300 0
10 305 -15.0885 0 -300 0
15 305 -11.5423 0 -300 0
20 305 -9.01334 0 -300 0
25 305 -7.043 0 -300 0
30 305 -5.42988 0 -300 0
35 305 -4.06942 0 -300 0
40 305 -2.9018 0 -300 0
45 305 -1.89085 0 -300 0
50 305 -1.01393 0 -300 0
55 305 -0.256698 0 -300 0
60 305 0.389968 0 -300 0
65 305 0.931785 0 -300 0
70 305 1.37226 0 -300 0
75 305 1.71349 0 -300 0
80 305 1.95664 0 -300 0
85 305 2.10234 0 -300 0
90 305 2.15088 0 -300 0
95 305 2.10234 0 -300 0
100 305 1.95664 0 -300 0
105 305 1.71349 0 -300 0
110 305 1.37226 0 -300 0
115 305 0.931785 0 -300 0
120 305 0.389968 0 -300 0
125 305 -0.256698 0 -300 0
130 305 -1.01393 0 -300 0
135 305 -1.89085 0 -300 0
140 305 -2.9018 0 -300 0
145 305 -4.06942 0 -300 0
150 305 -5.42988 0 -300 0
155 305 -7.043 0 -300 0
160 305 -9.01334 0 -300 0
165 305 -11.5423 0 -300 0
170 305 -15.0885 0 -300 0
175 305 -21.1249 0 -300 0
180 305 -3.86972 0 -300 0
0 310 -300 0 -300 0
5 310 -21.1249 0 -300 0
10 310 -15.0885 0 -300 0
15 310 -11.5423 0 -300 0
20 310 -9.01334 0 -300 0
25 310 -7.043 0 -300 0
30 310 -5.42988 0 -300 0
35 310 -4.06942 0 -300 0
40 310 -2.9018 0 -300 0
45 310 -1.89085 0 -300 0
50 310 -1.01393 0 -300 0
55 310 -0.256698 0 -300 0
60 310 0.389968 0 -300 0
65 310 0.931785 0 -300 0
70 310 1.37226 0 -300 0
75 310 1.71349 0 -300 0
80 310 1.95664 0 -300 0
85 310 2.10234 0 -300 0
90 310 2.15088 0 -300 0
95 310 2.10234 0 -300 0
100 310 1.95664 0 -300 0
105 310 1.71349 0 -300 0
110 310 1.37226 0 -300 0
115 310 0.931785 0 -300 0
120 310 0.389968 0 -300 0
125 310 -0.256698 0 -300 0
130 310 -1.01393 0 -300 0
135 310 -1.89085 0 -300 0
140 310 -2.9018 0 -300 0
145 310 -4.06942 0 -300 0
150 310 -5.42988 0 -300 0
155 310 -7.043 0 -300 0
160 310 -9.01334 0 -300 0
165 310 -11.5423 0 -300 0
170 310 -15.0885 0 -300 0
175 310 -21.1249 0 -300 0
180 310 -3.86972 0 -300 0
0 315 -300 0 -300 0
5 315 -21.1249 0 -300 0
10 315 -15.0885 0 -300 0
15 315 -11.5423 0 -300 0
20 315 -9.01334 0 -300 0
25 315 -7.043 0 -300 0
30 315 -5.42988 0 -300 0
35 315 -4.06942 0 -300 0
40 315 -2.9018 0 -300 0
45 315 -1.89085 0 -300 0
50 315 -1.01393 0 -300 0
55 315 -0.256698 0 -300 0
60 315 0.389968 0 -300 0
65 315 0.931785 0 -300 0
70 315 1.37226 0 -300 0
75 315 1.71349 0 -300 0
80 315 1.95664 0 -300 0
85 315 2.10234 0 -300 0
90 315 2.15088 0 -300 0
95 315 2.10234 0 -300 0
100 315 1.95664 0 -300 0
105 315 1.71349 0 -300 0
110 315 1.37226 0 -300 0
115 315 0.931785 0 -300 0
120 315 0.389968 0 -300 0
125 315 -0.256698 0 -300 0
130 315 -1.01393 0 -300 0
135 315 -1.89085 0 -300 0
140 315 -2.9018 0 -300 0
145 315 -4.06942 0 -300 0
150 315 -5.42988 0 -300 0
155 315 -7.043 0 -300 0
160 315 -9.01334 0 -300 0
165 315 -11.5423 0 -300 0
170 315 -15.0885 0 -300 0
175 315 -21.1249 0 -300 0
180 315 -3.86972 0 -300 0
0 320 -300 0 -300 0
5 320 -21.1249 0 -300 0
10 320 -15.0885 0 -300 0
15 320 -11.5423 0 -300 0
20 320 -9.01334 0 -300 0
25 320 -7.043 0 -300 0
30 320 -5.42988 0 -300 0
35 320 -4.06942 0 -300 0
40 320 -2.9018 0 -300 0
45 320 -1.89085 0 -300 0
50 320 -1.01393 0 -300 0
55 320 -0.256698 0 -300 0
60 320 0.389968 0 -300 0
65 320 0.931785 0 -300 0
70 320 1.37226 0 -300 0
75 320 1.71349 0 -300 0
80 320 1.95664 0 -300 0
85 320 2.10234 0 -300 0
90 320 2.15088 0 -300 0
95 320 2.10234 0 -300 0
100 320 1.95664 0 -300 0
105 320 1.71349 0 -300 0
110 320 1.37226 0 -300 0
115 320 0.931785 0 -300 0
120 320 0.389968 0 -300 0
125 320 -0.256698 0 -300 0
130 320 -1.01393 0 -300 0
135 320 -1.89085 0 -300 0
140 320 -2.9018 0 -300 0
145 320 -4.06942 0 -300 0
150 320 -5.42988 0 -300 0
155 320 -7.043 0 -300 0
160 320 -9.01334 0 -300 0
165 320 -11.5423 0 -300 0
170 320 -15.0885 0 -300 0
175 320 -21.1249 0 -300 0
180 320 -3.86972 0 -300 0
0 325 -300 0 -300 0
5 325 -21.1249 0 -300 0
10 325 -15.0885 0 -300 0
15 325 -11.5423 0 -300 0
20 325 -9.01334 0 -300 0
25 325 -7.043 0 -300 0
30 325 -5.42988 0 -300 0
35 325 -4.06942 0 -300 0
40 325 -2.9018 0 -300 0
45 325 -1.89085 0 -300 0
50 325 -1.01393 0 -300 0
55 325 -0.256698 0 -300 0
60 325 0.389968 0 -300 0
65 325 0.931785 0 -300 0
70 325 1.37226 0 -300 0
75 325 1.71349 0 -300 0
80 325 1.95664 0 -300 0
85 325 2.10234 0 -300 0
90 325 2.15088 0 -300 0
95 325 2.10234 0 -300 0
100 325 1.95664 0 -300 0
105 325 1.71349 0 -300 0
110 325 1.37226 0 -300 0
115 325 0.931785 0 -300 0
120 325 0.389968 0 -300 0
125 325 -0.256698 0 -300 0
130 325 -1.01393 0 -300 0
135 325 -1.89085 0 -300 0
140 325 -2.9018 0 -300 0
145 325 -4.06942 0 -300 0
150 325 -5.42988 0 -300 0
155 325 -7.043 0 -300 0
160 325 -9.01334 0 -300 0
165 325 -11.5423 0 -300 0
170 325 -15.0885 0 -300 0
175 325 -21.1249 0 -300 0
180 325 -3.86972 0 -300 0
0 330 -300 0 -300 0
5 330 -21.1249 0 -300 0
10 330 -15.0885 0 -300 0
15 330 -11.5423 0 -300 0
20 330 -9.01334 0 -300 0
25 330 -7.043 0 -300 0
30 330 -5.42988 0 -300 0
35 330 -4.06942 0 -300 0
40 330 -2.9018 0 -300 0
45 330 -1.89085 0 -300 0
50 330 -1.01393 0 -300 0
55 330 -0.256698 0 -300 0
60 330 0.389968 0 -300 0
65 330 0.931785 0 -300 0
70 330 1.37226 0 -300 0
75 330 1.71349 0 -300 0
80 330 1.95664 0 -300 0
85 330 2.10234 0 -300 0
90 330 2.15088 0 -300 0
95 330 2.10234 0 -300 0
100 330 1.95664 0 -300 0
105 330 1.71349 0 -300 0
110 330 1.37226 0 -300 0
115 330 0.931785 0 -300 0
120 330 0.389968 0 -300 0
125 330 -0.256698 0 -300 0
130 330 -1.01393 0 -300 0
135 330 -1.89085 0 -300 0
140 330 -2.9018 0 -300 0
145 330 -4.06942 0 -300 0
150 330 -5.42988 0 -300 0
155 330 -7.043 0 -300 0
160 330 -9.01334 0 -300 0
165 330 -11.5423 0 -300 0
170 330 -15.0885 0 -300 0
175 330 -21.1249 0 -300 0
180 330 -3.86972 0 -300 0
0 335 -300 0 -300 0
5 335 -21.1249 0 -300 0
10 335 -15.0885 0 -300 0
15 335 -11.5423 0 -300 0
20 335 -9.01334 0 -300 0
25 335 -7.043 0 -300 0
30 335 -5.42988 0 -300 0
35 335 -4.06942 0 -300 0
40 335 -2.9018 0 -300 0
45 335 -1.89085 0 -300 0
50 335 -1.01393 0 -300 0
55 335 -0.256698 0 -300 0
60 335 0.389968 0 -300 0
65 335 0.931785 0 -300 0
70 335 1.37226 0 -300 0
75 335 1.71349 0 -300 0
80 335 1.95664 0 -300 0
85 335 2.10234 0 -300 0
90 335 2.15088 0 -300 0
95 335 2.10234 0 -300 0
100 335 1.95664 0 -300 0
105 335 1.71349 0 -300 0
110 335 1.37226 0 -300 0
115 335 0.931785 0 -300 0
120 335 0.389968 0 -300 0
125 335 -0.256698 0 -300 0
130 335 -1.01393 0 -300 0
135 335 -1.89085 0 -300 0
140 335 -2.9018 0 -300 0
145 335 -4.06942 0 -300 0
150 335 -5.42988 0 -300 0
155 335 -7.043 0 -300 0
160 335 -9.01334 0 -300 0
165 335 -11.5423 0 -300 0
170 335 -15.0885 0 -300 0
175 335 -21.1249 0 -300 0
180 335 -3.86972 0 -300 0
0 340 -300 0 -300 0
5 340 -21.1249 0 -300 0
10 340 -15.0885 0 -300 0
15 340 -11.5423 0 -300 0
20 340 -9.01334 0 -300 0
25 340 -7.043 0 -300 0
30 340 -5.42988 0 -300 0
35 340 -4.06942 0 -300 0
40 340 -2.9018 0 -300 0
45 340 -1.89085 0 -300 0
50 340 -1.01393 0 -300 0
55 340 -0.256698 0 -300 0
60 340 0.389968 0 -300 0
65 340 0.931785 0 -300 0
70 340 1.37226 0 -300 0
75 340 1.71349 0 -300 0
80 340 1.95664 0 -300 0
85 340 2.10234 0 -300 0
90 340 2.15088 0 -300 0
95 340 2.10234 0 -300 0
100 340 1.95664 0 -300 0
105 340 1.71349 0 -300 0
110 340 1.37226 0 -300 0
115 340 0.931785 0 -300 0
120 340 0.389968 0 -300 0
125 340 -0.256698 0 -300 0
130 340 -1.01393 0 -300 0
135 340 -1.89085 0 -300 0
140 340 -2.9018 0 -300 0
145 340 -4.06942 0 -300 0
150 340 -5.42988 0 -300 0
155 340 -7.043 0 -300 0
160 340 -9.01334 0 -300 0
165 340 -11.5423 0 -300 0
170 340 -15.0885 0 -300 0
175 340 -21.1249 0 -300 0
180 340 -3.86972 0 -300 0
0 345 -300 0 -300 0
5 345 -21.1249 0 -300 0
10 345 -15.0885 0 -300 0
15 345 -11.5423 0 -300 0
20 345 -9.01334 0 -300 0
25 345 -7.043 0 -300 0
30 345 -5.42988 0 -300 0
35 345 -4.06942 0 -300 0
40 345 -2.9018 0 -300 0
45 345 -1.89085 0 -300 0
50 345 -1.01393 0 -300 0
55 345 -0.256698 0 -300 0
60 345 0.389968 0 -300 0
65 345 0.931785 0 -300 0
70 345 1.37226 0 -300 0
75 345 1.71349 0 -300 0
80 345 1.95664 0 -300 0
85 345 2.10234 0 -300 0
90 345 2.15088 0 -300 0
95 345 2.10234 0 -300 0
100 345 1.95664 0 -300 0
105 345 1.71349 0 -300 0
110 345 1.37226 0 -300 0
115 345 0.931785 0 -300 0
120 345 0.389968 0 -300 0
125 345 -0.256698 0 -300 0
130 345 -1.01393 0 -300 0
135 345 -1.89085 0 -300 0
140 345 -2.9018 0 -300 0
145 345 -4.06942 0 -300 0
150 345 -5.42988 0 -300 0
155 345 -7.043 0 -300 0
160 345 -9.01334 0 -300 0
165 345 -11.5423 0 -300 0
170 345 -15.0885 0 -300 0
175 345 -21.1249 0 -300 0
180 345 -3.86972 0 -300 0
0 350 -300 0 -300 0
5 350 -21.1249 0 -300 0
10 350 -15.0885 0 -300 0
15 350 -11.5423 0 -300 0
20 350 -9.01334 0 -300 0
25 350 -7.043 0 -300 0
30 350 -5.42988 0 -300 0
35 350 -4.06942 0 -300 0
40 350 -2.9018 0 -300 0
45 350 -1.89085 0 -300 0
50 350 -1.01393 0 -300 0
55 350 -0.256698 0 -300 0
60 350 0.389968 0 -300 0
65 350 0.931785 0 -300 0
70 350 1.37226 0 -300 0
75 350 1.71349 0 -300 0
80 350 1.95664 0 -300 0
85 350 2.10234 0 -300 0
90 350 2.15088 0 -300 0
95 350 2.10234 0 -300 0
100 350 1.95664 0 -300 0
105 350 1.71349 0 -300 0
110 350 1.37226 0 -300 0
115 350 0.931785 0 -300 0
120 350 0.389968 0 -300 0
125 350 -0.256698 0 -300 0
130 350 -1.01393 0 -300 0
135 350 -1.89085 0 -300 0
140 350 -2.9018 0 -300 0
145 350 -4.06942 0 -300 0
150 350 -5.42988 0 -300 0
155 350 -7.043 0 -300 0
160 350 -9.01334 0 -300 0
165 350 -11.5423 0 -300 0
170 350 -15.0885 0 -300 0
175 350 -21.1249 0 -300 0
180 350 -3.86972 0 -300 0
0 355 -300 0 -300 0
5 355 -21.1249 0 -300 0
10 355 -15.0885 0 -300 0
15 355 -11.5423 0 -300 0
20 355 -9.01334 0 -300 0
25 355 -7.043 0 -300 0
30 355 -5.42988 0 -300 0
35 355 -4.06942 0 -300 0
40 355 -2.9018 0 -300 0
45 355 -1.89085 0 -300 0
50 355 -1.01393 0 -300 0
55 355 -0.256698 0 -300 0
60 355 0.389968 0 -300 0
65 355 0.931785 0 -300 0
70 355 1.37226 0 -300 0
75 355 1.71349 0 -300 0
80 355 1.95664 0 -300 0
85 355 2.10234 0 -300 0
90 355 2.15088 0 -300 0
95 355 2.10234 0 -300 0
100 355 1.95664 0 -300 0
105 355 1.71349 0 -300 0
110 355 1.37226 0 -300 0
115 355 0.931785 0 -300 0
120 355 0.389968 0 -300 0
125 355 -0.256698 0 -300 0
130 355 -1.01393 0 -300 0
135 355 -1.89085 0 -300 0
140 355 -2.9018 0 -300 0
145 355 -4.06942 0 -300 0
150 355 -5.42988 0 -300 0
155 355 -7.043 0 -300 0
160 355 -9.01334 0 -300 0
165 355 -11.5423 0 -300 0
170 355 -15.0885 0 -300 0
175 355 -21.1249 0 -300 0
180 355 -3.86972 0 -300 0
