1.92504e+01 -1.26881e+01 2.75e+00
-1.72875e+01 -3.88658e+01 2.75e+00
-1.77875e+01 1.81342e+01 2.75e+00
-1.52875e+01 -1.15767e+01 2.75e+00
-1.82875e+01 -3.68658e+01 2.75e+00
5.7125e+00 -2.39794e+01 2.75e+00
-1.77875e+01 -4.03658e+01 2.75e+00
-1.77875e+01 5.1342e+00 2.75e+00
5.2125e+00 -2.49794e+01 2.75e+00
-1.72875e+01 1.66342e+01 2.75e+00
3.7125e+00 -1.43522e+01 2.75e+00
-2.47083e+01 2.32484e+01 2.75e+00
-1.77875e+01 -3.98658e+01 2.75e+00
-7.875e-01 -1.10767e+01 2.75e+00
4.7125e+00 -2.54794e+01 2.75e+00
-1.72875e+01 1.26342e+01 2.75e+00
5.7125e+00 -1.89794e+01 2.75e+00
-1.77875e+01 7.6342e+00 2.75e+00
7.125e-01 -1.00767e+01 2.75e+00
-1.82875e+01 -4.08658e+01 2.75e+00
-1.47875e+01 -1.15767e+01 2.75e+00
-7.7875e+00 -1.15767e+01 2.75e+00
5.7125e+00 -2.19794e+01 2.75e+00
1.2125e+00 -1.00767e+01 2.75e+00
-1.72221e+01 3.07484e+01 2.75e+00
2.52125e+01 -1.00309e+01 2.75e+00
-1.77875e+01 -9.3658e+00 2.75e+00
5.7125e+00 -1.79794e+01 2.75e+00
6.2125e+00 -1.15767e+01 2.75e+00
3.7125e+00 -9.5767e+00 2.75e+00
-1.77875e+01 -3.3658e+00 2.75e+00
5.7125e+00 -1.74794e+01 2.75e+00
4.7125e+00 -1.29589e+01 2.75e+00
2.72504e+01 -1.26881e+01 2.75e+00
1.07125e+01 -1.00309e+01 2.75e+00
4.7125e+00 -1.54794e+01 2.75e+00
-2.12083e+01 2.27484e+01 2.75e+00
6.2125e+00 -2.74794e+01 2.75e+00
6.7125e+00 -1.64794e+01 2.75e+00
6.7125e+00 -2.69794e+01 2.75e+00
2.17504e+01 -1.26881e+01 2.75e+00
-1.47875e+01 -1.10767e+01 2.75e+00
-1.70855e+01 2.17484e+01 2.75e+00
-1.82875e+01 -2.03658e+01 2.75e+00
-1.72875e+01 -3.43658e+01 2.75e+00
-1.77875e+01 1.26342e+01 2.75e+00
2.62504e+01 -1.26881e+01 2.75e+00
1.2125e+00 -1.15767e+01 2.75e+00
-1.82875e+01 1.342e-01 2.75e+00
4.7125e+00 -1.49794e+01 2.75e+00
2.27125e+01 -1.05309e+01 2.75e+00
3.7125e+00 -1.33522e+01 2.75e+00
5.2125e+00 -1.94794e+01 2.75e+00
-1.72875e+01 -3.8658e+00 2.75e+00
-1.2875e+00 -1.05767e+01 2.75e+00
2.42125e+01 -1.05309e+01 2.75e+00
-1.82875e+01 1.56342e+01 2.75e+00
-1.82875e+01 -4.28658e+01 2.75e+00
-1.67875e+01 -1.05767e+01 2.75e+00
-1.72875e+01 3.1342e+00 2.75e+00
1.12125e+01 -1.00309e+01 2.75e+00
2.125e-01 -1.15767e+01 2.75e+00
-1.77875e+01 1.96342e+01 2.75e+00
-1.82875e+01 -3.58658e+01 2.75e+00
-3.2875e+00 -1.10767e+01 2.75e+00
-1.72875e+01 -2.68658e+01 2.75e+00
-1.72875e+01 5.1342e+00 2.75e+00
5.2125e+00 -1.59794e+01 2.75e+00
-1.77875e+01 -3.08658e+01 2.75e+00
-1.77875e+01 1.61342e+01 2.75e+00
-1.27875e+01 -1.15767e+01 2.75e+00
1.77125e+01 -1.00309e+01 2.75e+00
-6.2875e+00 -1.05767e+01 2.75e+00
5.7125e+00 -1.10767e+01 2.75e+00
2.62125e+01 -1.00309e+01 2.75e+00
-1.82875e+01 -2.53658e+01 2.75e+00
-2.42083e+01 2.22484e+01 2.75e+00
2.07504e+01 -1.16881e+01 2.75e+00
-1.77221e+01 2.62484e+01 2.75e+00
-2.17083e+01 2.32484e+01 2.75e+00
-1.82875e+01 -8.8658e+00 2.75e+00
-3.02083e+01 2.27484e+01 2.75e+00
5.7125e+00 -2.34794e+01 2.75e+00
1.87125e+01 -1.00309e+01 2.75e+00
-2.72083e+01 2.27484e+01 2.75e+00
4.7125e+00 -2.34794e+01 2.75e+00
2.42504e+01 -1.21881e+01 2.75e+00
-1.82875e+01 3.1342e+00 2.75e+00
-1.77875e+01 1.342e-01 2.75e+00
6.2125e+00 -2.19794e+01 2.75e+00
-7.875e-01 -9.5767e+00 2.75e+00
-1.77875e+01 -2.98658e+01 2.75e+00
4.2125e+00 -1.05767e+01 2.75e+00
2.02504e+01 -1.16881e+01 2.75e+00
-1.82875e+01 -1.18658e+01 2.75e+00
-2.82083e+01 2.27484e+01 2.75e+00
-1.72875e+01 1.81342e+01 2.75e+00
-1.77875e+01 1.76342e+01 2.75e+00
-2.52083e+01 2.27484e+01 2.75e+00
2.02125e+01 -1.00309e+01 2.75e+00
-1.2875e+00 -9.5767e+00 2.75e+00
1.17125e+01 -1.05309e+01 2.75e+00
-1.82875e+01 -1.23658e+01 2.75e+00
-2.7875e+00 -1.05767e+01 2.75e+00
1.97125e+01 -1.00309e+01 2.75e+00
5.2125e+00 -1.89794e+01 2.75e+00
2.62504e+01 -1.16881e+01 2.75e+00
6.2125e+00 -1.89794e+01 2.75e+00
-1.72875e+01 1.41342e+01 2.75e+00
1.02125e+01 -1.00309e+01 2.75e+00
4.7125e+00 -1.59794e+01 2.75e+00
5.2125e+00 -1.29589e+01 2.75e+00
4.7125e+00 -2.49794e+01 2.75e+00
7.7125e+00 -1.05309e+01 2.75e+00
-1.82875e+01 -8.3658e+00 2.75e+00
-1.77875e+01 -3.88658e+01 2.75e+00
1.57125e+01 -1.00309e+01 2.75e+00
5.7125e+00 -2.04794e+01 2.75e+00
-1.77875e+01 -2.3658e+00 2.75e+00
-1.67875e+01 -1.10767e+01 2.75e+00
6.2125e+00 -2.69794e+01 2.75e+00
-1.82875e+01 1.11342e+01 2.75e+00
2.2125e+00 -9.5767e+00 2.75e+00
-1.72875e+01 -4.8658e+00 2.75e+00
1.87504e+01 -1.26881e+01 2.75e+00
-1.72875e+01 -4.13658e+01 2.75e+00
5.2125e+00 -1.79794e+01 2.75e+00
-1.72875e+01 -1.08658e+01 2.75e+00
-1.77875e+01 -3.33658e+01 2.75e+00
6.7125e+00 -2.09794e+01 2.75e+00
-1.77875e+01 -2.23658e+01 2.75e+00
-1.77875e+01 -7.3658e+00 2.75e+00
-1.72875e+01 -1.53658e+01 2.75e+00
6.7125e+00 -1.10767e+01 2.75e+00
-1.77875e+01 -2.28658e+01 2.75e+00
7.125e-01 -1.15767e+01 2.75e+00
-1.82875e+01 -3.13658e+01 2.75e+00
-2.97083e+01 2.22484e+01 2.75e+00
-1.77875e+01 4.6342e+00 2.75e+00
2.7125e+00 -1.24589e+01 2.75e+00
-2.77083e+01 2.32484e+01 2.75e+00
-1.77875e+01 -3.03658e+01 2.75e+00
-1.77875e+01 -1.43658e+01 2.75e+00
3.2125e+00 -1.00767e+01 2.75e+00
-1.72875e+01 -3.83658e+01 2.75e+00
-3.2875e+00 -1.05767e+01 2.75e+00
-1.82875e+01 -3.93658e+01 2.75e+00
6.2125e+00 -2.14794e+01 2.75e+00
-1.72875e+01 -2.28658e+01 2.75e+00
2.7125e+00 -1.00767e+01 2.75e+00
6.7125e+00 -1.49794e+01 2.75e+00
4.2125e+00 -1.29589e+01 2.75e+00
-1.72875e+01 -7.3658e+00 2.75e+00
-1.7875e+00 -9.5767e+00 2.75e+00
-1.75855e+01 2.17484e+01 2.75e+00
6.2125e+00 -1.24589e+01 2.75e+00
-1.82875e+01 -1.98658e+01 2.75e+00
9.7125e+00 -1.00309e+01 2.75e+00
-1.90855e+01 2.32484e+01 2.75e+00
-1.82875e+01 1.66342e+01 2.75e+00
2.22504e+01 -1.16881e+01 2.75e+00
2.67504e+01 -1.11881e+01 2.75e+00
-1.77875e+01 6.6342e+00 2.75e+00
-1.77875e+01 -2.78658e+01 2.75e+00
3.2125e+00 -1.24589e+01 2.75e+00
-1.12875e+01 -1.10767e+01 2.75e+00
-1.77875e+01 -3.53658e+01 2.75e+00
-1.82875e+01 -1.8658e+00 2.75e+00
-1.72875e+01 1.56342e+01 2.75e+00
-1.72875e+01 -2.88658e+01 2.75e+00
6.7125e+00 -1.89794e+01 2.75e+00
-1.2875e+00 -1.10767e+01 2.75e+00
2.2125e+00 -1.10767e+01 2.75e+00
5.2125e+00 -1.15767e+01 2.75e+00
-1.77221e+01 3.12484e+01 2.75e+00
5.7125e+00 -1.49794e+01 2.75e+00
6.2125e+00 -1.84794e+01 2.75e+00
-1.52875e+01 -1.05767e+01 2.75e+00
6.7125e+00 -1.05767e+01 2.75e+00
-2.62083e+01 2.22484e+01 2.75e+00
2.52504e+01 -1.16881e+01 2.75e+00
-1.72875e+01 -3.658e-01 2.75e+00
-3.7875e+00 -1.10767e+01 2.75e+00
-1.82875e+01 8.6342e+00 2.75e+00
4.7125e+00 -1.99794e+01 2.75e+00
2.47504e+01 -1.11881e+01 2.75e+00
-1.82875e+01 -6.8658e+00 2.75e+00
5.7125e+00 -1.59794e+01 2.75e+00
1.32125e+01 -1.05309e+01 2.75e+00
-1.22875e+01 -1.05767e+01 2.75e+00
-6.7875e+00 -1.05767e+01 2.75e+00
-1.82875e+01 9.6342e+00 2.75e+00
6.2125e+00 -1.43522e+01 2.75e+00
-1.72875e+01 1.342e-01 2.75e+00
-1.82875e+01 -8.658e-01 2.75e+00
-1.72875e+01 1.96342e+01 2.75e+00
-1.77875e+01 -1.33658e+01 2.75e+00
-1.72875e+01 -7.8658e+00 2.75e+00
-1.72875e+01 -2.23658e+01 2.75e+00
-1.80855e+01 2.37484e+01 2.75e+00
1.47125e+01 -1.05309e+01 2.75e+00
-1.72875e+01 -4.03658e+01 2.75e+00
-1.77875e+01 1.86342e+01 2.75e+00
6.7125e+00 -2.74794e+01 2.75e+00
1.67125e+01 -1.00309e+01 2.75e+00
-7.7875e+00 -1.10767e+01 2.75e+00
5.2125e+00 -1.05767e+01 2.75e+00
-1.70855e+01 2.47484e+01 2.75e+00
-1.42875e+01 -1.15767e+01 2.75e+00
-1.82875e+01 -2.93658e+01 2.75e+00
4.7125e+00 -2.29794e+01 2.75e+00
-1.12875e+01 -1.05767e+01 2.75e+00
-1.77875e+01 -2.63658e+01 2.75e+00
-2.875e-01 -1.15767e+01 2.75e+00
-1.82875e+01 -2.88658e+01 2.75e+00
-1.72875e+01 -3.08658e+01 2.75e+00
-1.72875e+01 -2.18658e+01 2.75e+00
-1.72875e+01 -1.78658e+01 2.75e+00
4.2125e+00 -1.10767e+01 2.75e+00
5.2125e+00 -2.29794e+01 2.75e+00
-1.77221e+01 2.67484e+01 2.75e+00
-1.75855e+01 2.47484e+01 2.75e+00
-7.7875e+00 -1.05767e+01 2.75e+00
2.37125e+01 -1.05309e+01 2.75e+00
-1.77875e+01 1.91342e+01 2.75e+00
1.82504e+01 -1.16881e+01 2.75e+00
6.7125e+00 -2.14794e+01 2.75e+00
-1.72875e+01 -1.03658e+01 2.75e+00
6.2125e+00 -1.33522e+01 2.75e+00
-1.77875e+01 -8.8658e+00 2.75e+00
1.82125e+01 -1.05309e+01 2.75e+00
-1.82875e+01 2.6342e+00 2.75e+00
-1.82875e+01 -4.18658e+01 2.75e+00
-1.77875e+01 -2.43658e+01 2.75e+00
-3.02083e+01 2.32484e+01 2.75e+00
2.2125e+00 -1.00767e+01 2.75e+00
6.7125e+00 -2.39794e+01 2.75e+00
-1.82875e+01 2.1342e+00 2.75e+00
-1.17875e+01 -1.10767e+01 2.75e+00
2.52125e+01 -1.05309e+01 2.75e+00
5.7125e+00 -2.69794e+01 2.75e+00
1.7125e+00 -1.15767e+01 2.75e+00
2.12504e+01 -1.21881e+01 2.75e+00
-1.80855e+01 2.17484e+01 2.75e+00
-1.72875e+01 3.6342e+00 2.75e+00
-1.72875e+01 -8.3658e+00 2.75e+00
-1.82875e+01 -1.03658e+01 2.75e+00
1.97504e+01 -1.26881e+01 2.75e+00
6.2125e+00 -2.34794e+01 2.75e+00
2.2125e+00 -1.15767e+01 2.75e+00
3.7125e+00 -1.00767e+01 2.75e+00
-1.77875e+01 -5.8658e+00 2.75e+00
-1.77875e+01 -3.68658e+01 2.75e+00
-2.77083e+01 2.27484e+01 2.75e+00
2.72125e+01 -1.00309e+01 2.75e+00
6.7125e+00 -2.49794e+01 2.75e+00
-1.72875e+01 -6.3658e+00 2.75e+00
-8.7875e+00 -1.10767e+01 2.75e+00
6.7125e+00 -2.19794e+01 2.75e+00
6.7125e+00 -1.15767e+01 2.75e+00
-1.77875e+01 1.31342e+01 2.75e+00
-1.85855e+01 2.47484e+01 2.75e+00
-1.72875e+01 -1.63658e+01 2.75e+00
3.2125e+00 -9.5767e+00 2.75e+00
-2.57083e+01 2.27484e+01 2.75e+00
-1.77875e+01 -1.48658e+01 2.75e+00
-1.72875e+01 1.01342e+01 2.75e+00
-1.77875e+01 -3.48658e+01 2.75e+00
-1.02875e+01 -1.15767e+01 2.75e+00
1.82504e+01 -1.11881e+01 2.75e+00
-2.62083e+01 2.32484e+01 2.75e+00
-2.07083e+01 2.22484e+01 2.75e+00
5.2125e+00 -2.54794e+01 2.75e+00
-1.77875e+01 -3.78658e+01 2.75e+00
-1.82875e+01 1.36342e+01 2.75e+00
-2.42083e+01 2.27484e+01 2.75e+00
2.62504e+01 -1.21881e+01 2.75e+00
-1.77875e+01 -2.93658e+01 2.75e+00
-1.77875e+01 -1.78658e+01 2.75e+00
-1.72875e+01 -1.13658e+01 2.75e+00
-2.2875e+00 -1.00767e+01 2.75e+00
-1.82875e+01 1.6342e+00 2.75e+00
-1.77875e+01 -3.38658e+01 2.75e+00
-1.07875e+01 -1.10767e+01 2.75e+00
-1.77875e+01 -1.63658e+01 2.75e+00
-1.82875e+01 -3.43658e+01 2.75e+00
-1.82875e+01 5.1342e+00 2.75e+00
1.62125e+01 -1.00309e+01 2.75e+00
-2.37083e+01 2.27484e+01 2.75e+00
5.7125e+00 -1.69794e+01 2.75e+00
-1.95855e+01 2.22484e+01 2.75e+00
-1.32875e+01 -1.05767e+01 2.75e+00
-2.87083e+01 2.22484e+01 2.75e+00
1.27125e+01 -1.00309e+01 2.75e+00
-1.77875e+01 -2.83658e+01 2.75e+00
3.7125e+00 -1.05767e+01 2.75e+00
2.02504e+01 -1.11881e+01 2.75e+00
-1.72875e+01 -4.23658e+01 2.75e+00
2.42504e+01 -1.26881e+01 2.75e+00
6.7125e+00 -1.59794e+01 2.75e+00
-7.2875e+00 -1.05767e+01 2.75e+00
-2.72083e+01 2.22484e+01 2.75e+00
1.07125e+01 -1.05309e+01 2.75e+00
6.7125e+00 -2.04794e+01 2.75e+00
-6.7875e+00 -1.10767e+01 2.75e+00
-1.7875e+00 -1.05767e+01 2.75e+00
2.07125e+01 -1.05309e+01 2.75e+00
-1.77875e+01 1.66342e+01 2.75e+00
-1.77875e+01 4.1342e+00 2.75e+00
-1.42875e+01 -1.10767e+01 2.75e+00
-1.72875e+01 -8.8658e+00 2.75e+00
1.7125e+00 -1.05767e+01 2.75e+00
-3.2875e+00 -1.15767e+01 2.75e+00
-1.90855e+01 2.27484e+01 2.75e+00
-1.42875e+01 -1.057679e+01 2.75e+00
2.17125e+01 -1.05309e+01 2.75e+00
2.7125e+00 -1.05767e+01 2.75e+00
-1.77875e+01 2.06342e+01 2.75e+00
5.2125e+00 -2.44794e+01 2.75e+00
5.2125e+00 -1.00767e+01 2.75e+00
-1.82875e+01 9.1342e+00 2.75e+00
-1.72875e+01 1.16342e+01 2.75e+00
7.125e-01 -1.05767e+01 2.75e+00
-4.2875e+00 -1.15767e+01 2.75e+00
-1.72875e+01 9.1342e+00 2.75e+00
-1.82875e+01 -2.3658e+00 2.75e+00
2.22125e+01 -1.00309e+01 2.75e+00
2.12504e+01 -1.11881e+01 2.75e+00
-1.72875e+01 5.6342e+00 2.75e+00
2.07504e+01 -1.26881e+01 2.75e+00
-1.82875e+01 -3.8658e+00 2.75e+00
6.7125e+00 -2.64794e+01 2.75e+00
-2.57083e+01 2.22484e+01 2.75e+00
-1.82875e+01 -7.3658e+00 2.75e+00
-1.72875e+01 -3.38658e+01 2.75e+00
-1.82875e+01 -2.23658e+01 2.75e+00
-1.72875e+01 1.46342e+01 2.75e+00
-1.95855e+01 2.27484e+01 2.75e+00
-1.90855e+01 2.22484e+01 2.75e+00
-1.77875e+01 -3.658e-01 2.75e+00
6.7125e+00 -2.44794e+01 2.75e+00
6.2125e+00 -2.09794e+01 2.75e+00
-1.95855e+01 2.37484e+01 2.75e+00
2.72504e+01 -1.16881e+01 2.75e+00
-1.72221e+01 2.57484e+01 2.75e+00
1.72125e+01 -1.05309e+01 2.75e+00
-1.82875e+01 1.71342e+01 2.75e+00
-1.72875e+01 -3.98658e+01 2.75e+00
-3.7875e+00 -1.05767e+01 2.75e+00
-1.80855e+01 2.32484e+01 2.75e+00
-1.72875e+01 1.1342e+00 2.75e+00
2.125e-01 -9.5767e+00 2.75e+00
-4.7875e+00 -1.15767e+01 2.75e+00
6.2125e+00 -2.04794e+01 2.75e+00
-1.77875e+01 -5.3658e+00 2.75e+00
2.27125e+01 -1.00309e+01 2.75e+00
-8.7875e+00 -1.15767e+01 2.75e+00
-1.57875e+01 -1.05767e+01 2.75e+00
2.57504e+01 -1.26881e+01 2.75e+00
-1.82875e+01 -1.08658e+01 2.75e+00
1.72125e+01 -1.00309e+01 2.75e+00
-1.72221e+01 2.82484e+01 2.75e+00
-1.77875e+01 -3.63658e+01 2.75e+00
6.7125e+00 -1.33522e+01 2.75e+00
-1.82875e+01 1.31342e+01 2.75e+00
-2.2875e+00 -9.5767e+00 2.75e+00
-1.95855e+01 2.47484e+01 2.75e+00
-1.72221e+01 2.87484e+01 2.75e+00
-7.2875e+00 -1.10767e+01 2.75e+00
-1.82875e+01 -9.8658e+00 2.75e+00
2.57504e+01 -1.16881e+01 2.75e+00
6.7125e+00 -1.00767e+01 2.75e+00
-1.77875e+01 1.41342e+01 2.75e+00
-1.82875e+01 -2.58658e+01 2.75e+00
-2.07083e+01 2.27484e+01 2.75e+00
5.2125e+00 -2.69794e+01 2.75e+00
-1.72221e+01 2.97484e+01 2.75e+00
-1.72875e+01 2.11342e+01 2.75e+00
1.77125e+01 -1.05309e+01 2.75e+00
-1.82875e+01 -2.28658e+01 2.75e+00
-1.77875e+01 -1.8658e+00 2.75e+00
6.2125e+00 -1.29589e+01 2.75e+00
-1.77875e+01 -9.8658e+00 2.75e+00
-1.72221e+01 2.92484e+01 2.75e+00
-2.07083e+01 2.32484e+01 2.75e+00
4.7125e+00 -2.24794e+01 2.75e+00
-1.82875e+01 -1.33658e+01 2.75e+00
1.67125e+01 -1.05309e+01 2.75e+00
-1.47875e+01 -1.05767e+01 2.75e+00
-1.77875e+01 -2.68658e+01 2.75e+00
-1.82875e+01 -3.83658e+01 2.75e+00
-2.7875e+00 -1.15767e+01 2.75e+00
-2.32083e+01 2.27484e+01 2.75e+00
2.57125e+01 -1.00309e+01 2.75e+00
-1.77875e+01 1.51342e+01 2.75e+00
-1.77875e+01 -4.13658e+01 2.75e+00
-1.95855e+01 2.42484e+01 2.75e+00
5.2125e+00 -1.74794e+01 2.75e+00
-1.72875e+01 -4.18658e+01 2.75e+00
1.62125e+01 -1.05309e+01 2.75e+00
-1.22875e+01 -1.10767e+01 2.75e+00
-1.77875e+01 1.36342e+01 2.75e+00
2.42125e+01 -1.00309e+01 2.75e+00
-1.77875e+01 -1.28658e+01 2.75e+00
2.02125e+01 -1.05309e+01 2.75e+00
-1.72875e+01 -4.33658e+01 2.75e+00
4.7125e+00 -2.69794e+01 2.75e+00
-2.27083e+01 2.27484e+01 2.75e+00
-3.07083e+01 2.27484e+01 2.75e+00
-2.72083e+01 2.32484e+01 2.75e+00
-2.37083e+01 2.22484e+01 2.75e+00
-1.82875e+01 -4.23658e+01 2.75e+00
-1.82875e+01 -3.73658e+01 2.75e+00
-2.87083e+01 2.32484e+01 2.75e+00
-1.85855e+01 2.22484e+01 2.75e+00
-1.27875e+01 -1.05767e+01 2.75e+00
-1.82875e+01 1.01342e+01 2.75e+00
5.2125e+00 -1.43522e+01 2.75e+00
1.92504e+01 -1.21881e+01 2.75e+00
-1.77875e+01 -4.28658e+01 2.75e+00
-1.72875e+01 -3.78658e+01 2.75e+00
-1.02875e+01 -1.10767e+01 2.75e+00
-1.70855e+01 2.22484e+01 2.75e+00
5.7125e+00 -2.74794e+01 2.75e+00
5.2125e+00 -1.24589e+01 2.75e+00
6.2125e+00 -9.5767e+00 2.75e+00
-1.72875e+01 7.6342e+00 2.75e+00
-1.72875e+01 2.01342e+01 2.75e+00
-1.77875e+01 3.6342e+00 2.75e+00
6.2125e+00 -1.94794e+01 2.75e+00
4.7125e+00 -1.43522e+01 2.75e+00
1.2125e+00 -1.05767e+01 2.75e+00
-1.82875e+01 -1.38658e+01 2.75e+00
-5.2875e+00 -1.10767e+01 2.75e+00
-2.97083e+01 2.27484e+01 2.75e+00
-1.77875e+01 -4.8658e+00 2.75e+00
-1.77875e+01 -4.3658e+00 2.75e+00
-1.77875e+01 1.46342e+01 2.75e+00
-1.77875e+01 -6.3658e+00 2.75e+00
-1.77875e+01 -3.73658e+01 2.75e+00
-1.82875e+01 -4.03658e+01 2.75e+00
5.2125e+00 -2.09794e+01 2.75e+00
1.12125e+01 -1.05309e+01 2.75e+00
-1.82875e+01 7.6342e+00 2.75e+00
-1.72875e+01 -2.98658e+01 2.75e+00
6.7125e+00 -1.29589e+01 2.75e+00
4.7125e+00 -1.05767e+01 2.75e+00
2.32504e+01 -1.16881e+01 2.75e+00
6.2125e+00 -1.64794e+01 2.75e+00
-1.82875e+01 -3.98658e+01 2.75e+00
2.32125e+01 -1.00309e+01 2.75e+00
-1.82875e+01 -4.33658e+01 2.75e+00
-1.77875e+01 2.6342e+00 2.75e+00
1.87504e+01 -1.16881e+01 2.75e+00
-1.72875e+01 -3.48658e+01 2.75e+00
4.7125e+00 -1.74794e+01 2.75e+00
-1.82875e+01 -7.8658e+00 2.75e+00
2.22504e+01 -1.11881e+01 2.75e+00
-1.82875e+01 -3.03658e+01 2.75e+00
2.37504e+01 -1.21881e+01 2.75e+00
3.2125e+00 -1.29589e+01 2.75e+00
5.2125e+00 -2.19794e+01 2.75e+00
-4.2875e+00 -1.10767e+01 2.75e+00
-2.47083e+01 2.22484e+01 2.75e+00
-1.95855e+01 2.17484e+01 2.75e+00
-1.72875e+01 2.06342e+01 2.75e+00
-1.72875e+01 -2.83658e+01 2.75e+00
-1.72875e+01 -1.18658e+01 2.75e+00
-1.82875e+01 6.1342e+00 2.75e+00
1.87504e+01 -1.21881e+01 2.75e+00
2.125e-01 -1.10767e+01 2.75e+00
-2.2875e+00 -1.05767e+01 2.75e+00
-1.82875e+01 1.41342e+01 2.75e+00
-1.72875e+01 -3.58658e+01 2.75e+00
-1.77221e+01 2.97484e+01 2.75e+00
-1.62875e+01 -1.15767e+01 2.75e+00
4.2125e+00 -1.00767e+01 2.75e+00
5.7125e+00 -2.24794e+01 2.75e+00
-1.72875e+01 1.11342e+01 2.75e+00
-2.37083e+01 2.32484e+01 2.75e+00
-5.7875e+00 -1.10767e+01 2.75e+00
-1.57875e+01 -1.15767e+01 2.75e+00
4.7125e+00 -1.89794e+01 2.75e+00
-1.82875e+01 1.06342e+01 2.75e+00
5.2125e+00 -1.10767e+01 2.75e+00
-1.72875e+01 -6.8658e+00 2.75e+00
2.67504e+01 -1.16881e+01 2.75e+00
8.7125e+00 -1.05309e+01 2.75e+00
-6.7875e+00 -1.15767e+01 2.75e+00
4.7125e+00 -1.94794e+01 2.75e+0
-2.32083e+01 2.22484e+01 2.75e+00
2.67125e+01 -1.00309e+01 2.75e+00
5.2125e+00 -2.04794e+01 2.75e+00
-1.72875e+01 -5.3658e+00 2.75e+00
-1.77875e+01 -3.13658e+01 2.75e+00
-1.72221e+01 2.77484e+01 2.75e+00
-1.77875e+01 1.01342e+01 2.75e+00
2.27504e+01 -1.21881e+01 2.75e+00
3.7125e+00 -1.29589e+01 2.75e+00
-1.72875e+01 -2.38658e+01 2.75e+00
-1.77875e+01 -1.23658e+01 2.75e+00
-1.77875e+01 -1.68658e+01 2.75e+00
-2.42083e+01 2.32484e+01 2.75e+00
2.12125e+01 -1.00309e+01 2.75e+00
2.32504e+01 -1.11881e+01 2.75e+00
-1.77875e+01 -2.48658e+01 2.75e+00
4.7125e+00 -2.04794e+01 2.75e+00
-4.7875e+00 -1.10767e+01 2.75e+00
7.125e-01 -9.5767e+00 2.75e+00
-1.72875e+01 -2.13658e+01 2.75e+00
5.7125e+00 -9.5767e+00 2.75e+00
1.82504e+01 -1.21881e+01 2.75e+00
-1.72875e+01 -2.48658e+01 2.75e+00
3.2125e+00 -1.15767e+01 2.75e+00
-1.37875e+01 -1.10767e+01 2.75e+00
4.7125e+00 -1.24589e+01 2.75e+00
-1.77875e+01 -2.73658e+01 2.75e+00
-1.72875e+01 -2.58658e+01 2.75e+00
-8.2875e+00 -1.15767e+01 2.75e+00
-8.7875e+00 -1.05767e+01 2.75e+00
-1.72875e+01 2.1342e+00 2.75e+00
4.7125e+00 -1.00767e+01 2.75e+00
6.7125e+00 -1.43522e+01 2.75e+00
5.7125e+00 -2.59794e+01 2.75e+00
4.7125e+00 -2.14794e+01 2.75e+00
5.2125e+00 -1.33522e+01 2.75e+00
2.57504e+01 -1.11881e+01 2.75e+00
1.52125e+01 -1.00309e+01 2.75e+00
4.7125e+00 -2.44794e+01 2.75e+00
6.2125e+00 -1.54794e+01 2.75e+00
6.7125e+00 -1.94794e+01 2.75e+00
-1.77875e+01 1.11342e+01 2.75e+00
-1.72875e+01 1.31342e+01 2.75e+00
2.22125e+01 -1.05309e+01 2.75e+00
-1.17875e+01 -1.15767e+01 2.75e+00
-1.72875e+01 -2.43658e+01 2.75e+00
-1.82875e+01 -6.3658e+00 2.75e+00
-1.77875e+01 1.71342e+01 2.75e+00
-1.77875e+01 -3.43658e+01 2.75e+00
-1.72875e+01 -4.3658e+00 2.75e+00
2.52504e+01 -1.21881e+01 2.75e+00
-1.77875e+01 -8.658e-01 2.75e+00
-1.77875e+01 -1.08658e+01 2.75e+00
-1.32875e+01 -1.10767e+01 2.75e+00
-1.02875e+01 -1.05767e+01 2.75e+00
-1.77875e+01 -1.73658e+01 2.75e+00
-1.27875e+01 -1.10767e+01 2.75e+00
1.17125e+01 -1.00309e+01 2.75e+00
-1.77875e+01 -1.38658e+01 2.75e+00
-1.82875e+01 -2.38658e+01 2.75e+00
-3.07083e+01 2.32484e+01 2.75e+00
-2.67083e+01 2.22484e+01 2.75e+00
4.2125e+00 -1.15767e+01 2.75e+00
-4.7875e+00 -1.05767e+01 2.75e+00
2.47504e+01 -1.26881e+01 2.75e+00
1.22125e+01 -1.05309e+01 2.75e+00
5.7125e+00 -1.94794e+01 2.75e+00
-1.72875e+01 1.36342e+01 2.75e+00
3.7125e+00 -1.15767e+01 2.75e+00
2.125e-01 -1.00767e+01 2.75e+00
5.7125e+00 -1.38522e+01 2.75e+00
1.52125e+01 -1.05309e+01 2.75e+00
-1.77875e+01 1.16342e+01 2.75e+00
5.7125e+00 -1.64794e+01 2.75e+00
-1.72875e+01 -1.28658e+01 2.75e+00
-1.82875e+01 -1.83658e+01 2.75e+00
-1.77221e+01 3.22484e+01 2.75e+00
-1.72875e+01 1.51342e+01 2.75e+00
6.7125e+00 -2.24794e+01 2.75e+00
2.02504e+01 -1.21881e+01 2.75e+00
-2.87083e+01 2.27484e+01 2.75e+00
-9.2875e+00 -1.05767e+01 2.75e+00
-2.97083e+01 2.32484e+01 2.75e+00
-1.82875e+01 -1.43658e+01 2.75e+00
6.2125e+00 -1.59794e+01 2.75e+00
2.7125e+00 -9.5767e+00 2.75e+00
2.12504e+01 -1.26881e+01 2.75e+00
5.7125e+00 -1.33522e+01 2.75e+00
-1.7875e+00 -1.15767e+01 2.75e+00
-1.82875e+01 -2.63658e+01 2.75e+00
-1.82875e+01 1.46342e+01 2.75e+00
-1.77221e+01 2.82484e+01 2.75e+00
-1.82875e+01 -3.18658e+01 2.75e+00
-1.72875e+01 -3.23658e+01 2.75e+00
-1.82875e+01 -2.08658e+01 2.75e+00
4.7125e+00 -1.84794e+01 2.75e+00
-1.37875e+01 -1.05767e+01 2.75e+00
-1.82875e+01 -3.48658e+01 2.75e+00
-8.2875e+00 -1.10767e+01 2.75e+00
-1.70855e+01 2.37484e+01 2.75e+00
-1.72875e+01 8.1342e+00 2.75e+00
-1.82875e+01 -2.73658e+01 2.75e+00
-1.82875e+01 -3.53658e+01 2.75e+00
1.42125e+01 -1.05309e+01 2.75e+00
5.7125e+00 -2.54794e+01 2.75e+00
-2.02083e+01 2.32484e+01 2.75e+00
7.7125e+00 -1.00309e+01 2.75e+00
1.97504e+01 -1.11881e+01 2.75e+00
-1.72221e+01 3.22484e+01 2.75e+00
6.7125e+00 -2.29794e+01 2.75e+00
2.37504e+01 -1.11881e+01 2.75e+00
-2.92083e+01 2.27484e+01 2.75e+00
-1.72875e+01 -4.28658e+01 2.75e+00
1.32125e+01 -1.00309e+01 2.75e+00
-1.72875e+01 -3.3658e+00 2.75e+00
2.7125e+00 -1.29589e+01 2.75e+00
-1.82875e+01 -1.58658e+01 2.75e+00
-2.62083e+01 2.27484e+01 2.75e+00
-1.72875e+01 -2.08658e+01 2.75e+00
5.2125e+00 -1.54794e+01 2.75e+00
-2.92083e+01 2.32484e+01 2.75e+00
-1.82875e+01 -1.93658e+01 2.75e+00
6.7125e+00 -1.24589e+01 2.75e+00
-1.72875e+01 -2.73658e+01 2.75e+00
-1.75855e+01 2.32484e+01 2.75e+00
5.2125e+00 -2.74794e+01 2.75e+00
-2.7875e+00 -1.10767e+01 2.75e+00
-1.82875e+01 -3.28658e+01 2.75e+00
3.7125e+00 -1.38522e+01 2.75e+00
-1.72875e+01 -3.68658e+01 2.75e+00
6.2125e+00 -1.10767e+01 2.75e+00
2.47504e+01 -1.21881e+01 2.75e+00
-1.32875e+01 -1.15767e+01 2.75e+00
4.7125e+00 -1.69794e+01 2.75e+00
6.7125e+00 -1.74794e+01 2.75e+00
-1.72221e+01 3.02484e+01 2.75e+00
-1.82875e+01 -2.83658e+01 2.75e+00
-1.80855e+01 2.47484e+01 2.75e+00
-1.72875e+01 -3.33658e+01 2.75e+00
-1.90855e+01 2.47484e+01 2.75e+00
-1.72875e+01 1.21342e+01 2.75e+00
-1.77875e+01 1.56342e+01 2.75e+00
-1.72875e+01 -9.8658e+00 2.75e+00
1.87504e+01 -1.11881e+01 2.75e+00
-1.82875e+01 -1.28658e+01 2.75e+00
2.67504e+01 -1.21881e+01 2.75e+00
-1.72875e+01 -2.3658e+00 2.75e+00
-1.95855e+01 2.32484e+01 2.75e+00
-1.75855e+01 2.27484e+01 2.75e+00
1.22125e+01 -1.00309e+01 2.75e+00
-1.17875e+01 -1.05767e+01 2.75e+00
-1.77875e+01 -2.03658e+01 2.75e+00
-1.7875e+00 -1.00767e+01 2.75e+00
-1.77875e+01 -4.18658e+01 2.75e+00
-1.85855e+01 2.37484e+01 2.75e+00
-1.72875e+01 -1.93658e+01 2.75e+00
-1.82875e+01 1.51342e+01 2.75e+00
-1.72875e+01 1.61342e+01 2.75e+00
-1.72875e+01 -3.73658e+01 2.75e+00
-1.72875e+01 -3.63658e+01 2.75e+00
5.2125e+00 -2.14794e+01 2.75e+00
-2.2875e+00 -1.10767e+01 2.75e+00
6.7125e+00 -2.59794e+01 2.75e+00
-2.57083e+01 2.32484e+01 2.75e+00
6.7125e+00 -1.84794e+01 2.75e+00
-1.77875e+01 -1.3658e+00 2.75e+00
-1.82875e+01 -3.08658e+01 2.75e+00
2.7125e+00 -1.10767e+01 2.75e+00
-1.77221e+01 3.07484e+01 2.75e+00
6.7125e+00 -9.5767e+00 2.75e+00
6.7125e+00 -1.99794e+01 2.75e+00
-1.90855e+01 2.42484e+01 2.75e+00
-1.82875e+01 -3.33658e+01 2.75e+00
1.92125e+01 -1.05309e+01 2.75e+00
-1.77875e+01 -1.13658e+01 2.75e+00
5.2125e+00 -1.38522e+01 2.75e+00
4.2125e+00 -1.24589e+01 2.75e+00
-9.2875e+00 -1.10767e+01 2.75e+00
-1.72875e+01 6.6342e+00 2.75e+00
-1.72875e+01 -5.8658e+00 2.75e+00
1.37125e+01 -1.00309e+01 2.75e+00
-1.72875e+01 -4.08658e+01 2.75e+00
-2.875e-01 -1.00767e+01 2.75e+00
6.2125e+00 -2.64794e+01 2.75e+00
-1.77875e+01 -3.93658e+01 2.75e+00
-1.72875e+01 1.6342e+00 2.75e+00
2.37504e+01 -1.16881e+01 2.75e+00
4.7125e+00 -2.59794e+01 2.75e+00
2.42504e+01 -1.11881e+01 2.75e+00
-1.80855e+01 2.42484e+01 2.75e+00
6.2125e+00 -2.29794e+01 2.75e+00
5.7125e+00 -2.44794e+01 2.75e+00
-1.77221e+01 2.72484e+01 2.75e+00
-1.77875e+01 -2.38658e+01 2.75e+00
-1.77875e+01 -2.53658e+01 2.75e+00
6.7125e+00 -1.38522e+01 2.75e+00
-1.82875e+01 -1.3658e+00 2.75e+00
-1.72875e+01 -3.28658e+01 2.75e+00
-1.77875e+01 -3.18658e+01 2.75e+00
-2.82083e+01 2.22484e+01 2.75e+00
-2.22083e+01 2.22484e+01 2.75e+00
-1.77875e+01 -4.33658e+01 2.75e+00
-1.72875e+01 -1.23658e+01 2.75e+00
-1.77875e+01 8.1342e+00 2.75e+00
-1.82875e+01 1.1342e+00 2.75e+00
4.7125e+00 -1.15767e+01 2.75e+00
8.2125e+00 -1.05309e+01 2.75e+00
-1.82875e+01 -2.43658e+01 2.75e+00
1.47125e+01 -1.00309e+01 2.75e+00
-1.37875e+01 -1.15767e+01 2.75e+00
6.2125e+00 -1.38522e+01 2.75e+00
5.2125e+00 -1.99794e+01 2.75e+00
5.7125e+00 -2.64794e+01 2.75e+00
-2.02083e+01 2.27484e+01 2.75e+00
-1.77875e+01 -3.8658e+00 2.75e+00
4.7125e+00 -1.10767e+01 2.75e+00
5.7125e+00 -2.14794e+01 2.75e+00
-1.82875e+01 -3.658e-01 2.75e+00
-1.77875e+01 -4.08658e+01 2.75e+00
7.2125e+00 -1.00309e+01 2.75e+00
-1.82875e+01 -1.48658e+01 2.75e+00
1.7125e+00 -1.10767e+01 2.75e+00
4.2125e+00 -1.33522e+01 2.75e+00
1.97125e+01 -1.05309e+01 2.75e+00
-1.82875e+01 -2.18658e+01 2.75e+00
4.7125e+00 -1.33522e+01 2.75e+00
-2.77083e+01 2.22484e+01 2.75e+00
6.2125e+00 -2.44794e+01 2.75e+00
5.7125e+00 -1.84794e+01 2.75e+00
-2.22083e+01 2.27484e+01 2.75e+00
-1.72875e+01 2.6342e+00 2.75e+00
2.37125e+01 -1.00309e+01 2.75e+00
2.52504e+01 -1.26881e+01 2.75e+00
-5.7875e+00 -1.05767e+01 2.75e+00
-1.72875e+01 -3.03658e+01 2.75e+00
5.7125e+00 -1.54794e+01 2.75e+00
5.2125e+00 -9.5767e+00 2.75e+00
4.7125e+00 -1.79794e+01 2.75e+00
-1.77875e+01 5.6342e+00 2.75e+00
1.7125e+00 -9.5767e+00 2.75e+00
2.17125e+01 -1.00309e+01 2.75e+00
4.7125e+00 -1.64794e+01 2.75e+00
2.17504e+01 -1.11881e+01 2.75e+00
-1.82875e+01 -4.3658e+00 2.75e+00
6.2125e+00 -1.00767e+01 2.75e+00
-1.82875e+01 -4.13658e+01 2.75e+00
-1.82875e+01 -2.33658e+01 2.75e+00
6.2125e+00 -1.05767e+01 2.75e+00
-1.77875e+01 -1.58658e+01 2.75e+00
-1.85855e+01 2.17484e+01 2.75e+00
2.7125e+00 -1.15767e+01 2.75e+00
6.2125e+00 -2.24794e+01 2.75e+00
-7.875e-01 -1.15767e+01 2.75e+00
-2.47083e+01 2.27484e+01 2.75e+00
2.62504e+01 -1.11881e+01 2.75e+00
-4.2875e+00 -1.05767e+01 2.75e+00
-1.2875e+00 -1.00767e+01 2.75e+00
9.2125e+00 -1.05309e+01 2.75e+00
-1.80855e+01 2.22484e+01 2.75e+00
1.82125e+01 -1.00309e+01 2.75e+00
6.2125e+00 -2.54794e+01 2.75e+00
5.7125e+00 -2.49794e+01 2.75e+00
2.47125e+01 -1.00309e+01 2.75e+00
-1.72875e+01 -1.98658e+01 2.75e+00
6.7125e+00 -1.54794e+01 2.75e+00
-5.2875e+00 -1.15767e+01 2.75e+00
5.7125e+00 -2.09794e+01 2.75e+00
-1.85855e+01 2.32484e+01 2.75e+00
-1.75855e+01 2.22484e+01 2.75e+00
-1.82875e+01 -2.8658e+00 2.75e+00
-1.82875e+01 -3.78658e+01 2.75e+00
5.7125e+00 -1.24589e+01 2.75e+00
-1.57875e+01 -1.10767e+01 2.75e+00
-1.72221e+01 2.67484e+01 2.75e+00
-5.2875e+00 -1.05767e+01 2.75e+00
5.7125e+00 -1.00767e+01 2.75e+00
-1.75855e+01 2.37484e+01 2.75e+00
2.47504e+01 -1.16881e+01 2.75e+00
-1.72875e+01 -3.53658e+01 2.75e+00
-1.07875e+01 -1.15767e+01 2.75e+00
-1.77221e+01 3.02484e+01 2.75e+00
-1.77875e+01 -1.98658e+01 2.75e+00
3.2125e+00 -1.10767e+01 2.75e+00
-1.72875e+01 -2.63658e+01 2.75e+00
-1.77875e+01 6.342e-01 2.75e+00
-1.82875e+01 -2.13658e+01 2.75e+00
-2.2875e+00 -1.15767e+01 2.75e+00
-7.875e-01 -1.00767e+01 2.75e+00
2.17504e+01 -1.16881e+01 2.75e+00
-1.72875e+01 -2.33658e+01 2.75e+00
-3.7875e+00 -1.15767e+01 2.75e+00
-1.67875e+01 -1.15767e+01 2.75e+00
3.7125e+00 -1.24589e+01 2.75e+00
2.07504e+01 -1.11881e+01 2.75e+00
-1.77875e+01 6.1342e+00 2.75e+00
4.7125e+00 -1.38522e+01 2.75e+00
-1.70855e+01 2.42484e+01 2.75e+00
4.7125e+00 -2.64794e+01 2.75e+00
6.2125e+00 -1.79794e+01 2.75e+00
7.2125e+00 -1.05309e+01 2.75e+00
-1.82875e+01 7.1342e+00 2.75e+00
-1.77875e+01 -4.23658e+01 2.75e+00
4.7125e+00 -9.5767e+00 2.75e+00
4.7125e+00 -2.09794e+01 2.75e+00
-1.72875e+01 -1.83658e+01 2.75e+00
-1.72875e+01 -1.73658e+01 2.75e+00
-1.77875e+01 2.1342e+00 2.75e+00
-1.77875e+01 -3.83658e+01 2.75e+00
-1.82875e+01 -1.78658e+01 2.75e+00
2.27504e+01 -1.16881e+01 2.75e+00
-1.77875e+01 -1.53658e+01 2.75e+00
-2.12083e+01 2.32484e+01 2.75e+00
2.37504e+01 -1.26881e+01 2.75e+00
2.22504e+01 -1.26881e+01 2.75e+00
-2.27083e+01 2.22484e+01 2.75e+00
-1.77875e+01 -1.03658e+01 2.75e+00
-1.77875e+01 -7.8658e+00 2.75e+00
-1.77875e+01 2.11342e+01 2.75e+00
5.7125e+00 -1.29589e+01 2.75e+00
-1.77221e+01 2.92484e+01 2.75e+00
-1.72875e+01 1.86342e+01 2.75e+00
8.7125e+00 -1.00309e+01 2.75e+00
-1.07875e+01 -1.05767e+01 2.75e+00
-1.82875e+01 -3.23658e+01 2.75e+00
5.7125e+00 -1.99794e+01 2.75e+00
-1.82875e+01 3.6342e+00 2.75e+00
2.67125e+01 -1.05309e+01 2.75e+00
2.27504e+01 -1.26881e+01 2.75e+00
-1.82875e+01 -2.98658e+01 2.75e+00
-1.72875e+01 7.1342e+00 2.75e+00
2.12504e+01 -1.16881e+01 2.75e+00
1.02125e+01 -1.05309e+01 2.75e+00
-1.77875e+01 -2.08658e+01 2.75e+00
-1.82875e+01 -1.88658e+01 2.75e+00
-1.72875e+01 9.6342e+00 2.75e+00
1.97504e+01 -1.16881e+01 2.75e+00
6.2125e+00 -2.39794e+01 2.75e+00
-7.875e-01 -1.05767e+01 2.75e+00
-1.12875e+01 -1.15767e+01 2.75e+00
-3.02083e+01 2.22484e+01 2.75e+00
5.2125e+00 -2.39794e+01 2.75e+00
-1.77875e+01 7.1342e+00 2.75e+00
2.125e-01 -1.05767e+01 2.75e+00
-1.72875e+01 6.1342e+00 2.75e+00
-2.92083e+01 2.22484e+01 2.75e+00
-1.82875e+01 -4.8658e+00 2.75e+00
-1.77221e+01 3.17484e+01 2.75e+00
2.07504e+01 -1.21881e+01 2.75e+00
-2.32083e+01 2.32484e+01 2.75e+00
2.17504e+01 -1.21881e+01 2.75e+00
-1.82875e+01 -3.38658e+01 2.75e+00
-1.72875e+01 -1.38658e+01 2.75e+00
5.7125e+00 -1.15767e+01 2.75e+00
-2.52083e+01 2.22484e+01 2.75e+00
2.12125e+01 -1.05309e+01 2.75e+00
-1.75855e+01 2.42484e+01 2.75e+00
-1.62875e+01 -1.10767e+01 2.75e+00
-1.77875e+01 -1.88658e+01 2.75e+00
-1.82875e+01 -9.3658e+00 2.75e+00
6.2125e+00 -1.49794e+01 2.75e+00
-1.77875e+01 -6.8658e+00 2.75e+00
6.2125e+00 -1.99794e+01 2.75e+00
-1.72221e+01 3.12484e+01 2.75e+00
-1.82875e+01 -5.8658e+00 2.75e+00
-1.77875e+01 -1.83658e+01 2.75e+00
-2.82083e+01 2.32484e+01 2.75e+00
-1.85855e+01 2.42484e+01 2.75e+00
5.2125e+00 -1.49794e+01 2.75e+00
1.87125e+01 -1.05309e+01 2.75e+00
-1.72875e+01 -1.48658e+01 2.75e+00
-1.72875e+01 -1.3658e+00 2.75e+00
4.7125e+00 -2.39794e+01 2.75e+00
2.52504e+01 -1.11881e+01 2.75e+00
5.2125e+00 -2.24794e+01 2.75e+00
-1.72875e+01 -1.8658e+00 2.75e+00
-2.02083e+01 2.22484e+01 2.75e+00
-1.72875e+01 -9.3658e+00 2.75e+00
1.97504e+01 -1.21881e+01 2.75e+00
-1.7875e+00 -1.10767e+01 2.75e+00
-1.77875e+01 8.6342e+00 2.75e+00
-1.77875e+01 1.6342e+00 2.75e+00
-1.72875e+01 -1.68658e+01 2.75e+00
-1.77875e+01 -2.13658e+01 2.75e+00
9.2125e+00 -1.00309e+01 2.75e+00
1.92504e+01 -1.16881e+01 2.75e+00
2.47125e+01 -1.05309e+01 2.75e+00
6.2125e+00 -1.69794e+01 2.75e+00
-1.82875e+01 -3.88658e+01 2.75e+00
-2.875e-01 -1.10767e+01 2.75e+00
2.72504e+01 -1.11881e+01 2.75e+00
-1.90855e+01 2.37484e+01 2.75e+00
-1.82875e+01 -3.3658e+00 2.75e+00
1.92125e+01 -1.00309e+01 2.75e+00
-1.77875e+01 1.21342e+01 2.75e+00
6.7125e+00 -2.34794e+01 2.75e+00
-1.82875e+01 -1.13658e+01 2.75e+00
2.57504e+01 -1.21881e+01 2.75e+00
6.7125e+00 -1.69794e+01 2.75e+00
-1.77875e+01 -1.93658e+01 2.75e+00
-1.77875e+01 9.1342e+00 2.75e+00
2.67504e+01 -1.26881e+01 2.75e+00
-1.77221e+01 2.87484e+01 2.75e+00
-1.72875e+01 -2.03658e+01 2.75e+00
-1.77875e+01 9.6342e+00 2.75e+0
-1.82875e+01 4.6342e+00 2.75e+00
9.7125e+00 -1.05309e+01 2.75e+00
-1.77875e+01 -1.18658e+01 2.75e+00
-1.72221e+01 3.17484e+01 2.75e+00
-1.72875e+01 1.76342e+01 2.75e+00
-9.7875e+00 -1.05767e+01 2.75e+00
-1.72875e+01 4.1342e+00 2.75e+00
5.2125e+00 -1.69794e+01 2.75e+00
-9.7875e+00 -1.10767e+01 2.75e+00
4.2125e+00 -9.5767e+00 2.75e+00
-1.82875e+01 6.342e-01 2.75e+00
-1.72875e+01 -1.43658e+01 2.75e+00
-1.72875e+01 -3.13658e+01 2.75e+00
5.2125e+00 -2.59794e+01 2.75e+00
-1.82875e+01 -2.48658e+01 2.75e+00
2.27504e+01 -1.11881e+01 2.75e+00
1.57125e+01 -1.05309e+01 2.75e+00
-1.2875e+00 -1.15767e+01 2.75e+00
6.2125e+00 -2.59794e+01 2.75e+00
2.02504e+01 -1.26881e+01 2.75e+00
-1.72875e+01 -2.8658e+00 2.75e+00
-1.70855e+01 2.27484e+01 2.75e+00
6.2125e+00 -1.74794e+01 2.75e+00
-1.77875e+01 -2.58658e+01 2.75e+00
-1.77875e+01 1.06342e+01 2.75e+00
-1.70855e+01 2.32484e+01 2.75e+00
1.7125e+00 -1.00767e+01 2.75e+00
4.2125e+00 -1.43522e+01 2.75e+00
-1.82875e+01 -2.68658e+01 2.75e+00
2.62125e+01 -1.05309e+01 2.75e+00
5.7125e+00 -2.29794e+01 2.75e+00
-1.72875e+01 6.342e-01 2.75e+00
-6.2875e+00 -1.15767e+01 2.75e+00
-2.17083e+01 2.27484e+01 2.75e+00
-1.52875e+01 -1.10767e+01 2.75e+00
-7.2875e+00 -1.15767e+01 2.75e+00
4.7125e+00 -2.74794e+01 2.75e+00
5.2125e+00 -1.64794e+01 2.75e+00
-1.77875e+01 -2.8658e+00 2.75e+00
1.27125e+01 -1.05309e+01 2.75e+00
2.72504e+01 -1.21881e+01 2.75e+00
-1.82875e+01 1.26342e+01 2.75e+00
-1.72221e+01 2.72484e+01 2.75e+00
5.2125e+00 -2.34794e+01 2.75e+00
5.2125e+00 -1.84794e+01 2.75e+00
2.32125e+01 -1.05309e+01 2.75e+00
-1.82875e+01 -1.68658e+01 2.75e+00
-2.12083e+01 2.22484e+01 2.75e+00
-1.22875e+01 -1.15767e+01 2.75e+00
-2.27083e+01 2.32484e+01 2.75e+00
5.2125e+00 -2.64794e+01 2.75e+00
-1.85855e+01 2.27484e+01 2.75e+00
1.2125e+00 -1.10767e+01 2.75e+00
-1.72875e+01 -3.93658e+01 2.75e+00
2.42504e+01 -1.16881e+01 2.75e+00
-1.77875e+01 -3.58658e+01 2.75e+00
-1.82875e+01 1.61342e+01 2.75e+00
-1.72875e+01 4.6342e+00 2.75e+00
-9.7875e+00 -1.15767e+01 2.75e+00
-1.90855e+01 2.17484e+01 2.75e+00
-1.72875e+01 1.06342e+01 2.75e+00
3.7125e+00 -1.10767e+01 2.75e+00
7.125e-01 -1.10767e+01 2.75e+00
2.32504e+01 -1.26881e+01 2.75e+00
-1.82875e+01 -1.63658e+01 2.75e+00
-2.875e-01 -9.5767e+00 2.75e+00
-1.72875e+01 -2.53658e+01 2.75e+00
2.72125e+01 -1.05309e+01 2.75e+00
-2.67083e+01 2.32484e+01 2.75e+00
-1.72875e+01 -2.93658e+01 2.75e+00
-2.52083e+01 2.32484e+01 2.75e+00
-1.80855e+01 2.27484e+01 2.75e+00
-1.72221e+01 2.62484e+01 2.75e+00
-1.82875e+01 -2.78658e+01 2.75e+00
2.2125e+00 -1.05767e+01 2.75e+00
-1.72875e+01 -1.33658e+01 2.75e+00
5.7125e+00 -1.43522e+01 2.75e+00
-1.77875e+01 -3.23658e+01 2.75e+00
1.37125e+01 -1.05309e+01 2.75e+00
-1.72875e+01 -2.78658e+01 2.75e+00
-2.22083e+01 2.32484e+01 2.75e+00
-3.07083e+01 2.22484e+01 2.75e+00
-1.82875e+01 -1.53658e+01 2.75e+00
1.2125e+00 -9.5767e+00 2.75e+00
1.82504e+01 -1.26881e+01 2.75e+00
2.57125e+01 -1.05309e+01 2.75e+00
1.42125e+01 -1.00309e+01 2.75e+00
-1.77875e+01 -2.33658e+01 2.75e+00
-1.72875e+01 -1.88658e+01 2.75e+00
6.7125e+00 -1.79794e+01 2.75e+00
6.2125e+00 -2.49794e+01 2.75e+00
-1.82875e+01 1.16342e+01 2.75e+00
-1.72875e+01 -3.18658e+01 2.75e+00
-1.77875e+01 3.1342e+00 2.75e+00
-1.77875e+01 1.1342e+00 2.75e+00
4.2125e+00 -1.38522e+01 2.75e+00
2.22504e+01 -1.21881e+01 2.75e+00
-1.72875e+01 1.91342e+01 2.75e+00
-1.77875e+01 -3.28658e+01 2.75e+00
-1.77221e+01 2.57484e+01 2.75e+00
3.2125e+00 -1.05767e+01 2.75e+00
-1.82875e+01 4.1342e+00 2.75e+00
-1.82875e+01 8.1342e+00 2.75e+00
-1.82875e+01 6.6342e+00 2.75e+00
-1.82875e+01 -3.63658e+01 2.75e+00
-9.2875e+00 -1.15767e+01 2.75e+00
-1.77875e+01 2.01342e+01 2.75e+00
2.07125e+01 -1.00309e+01 2.75e+00
-1.82875e+01 1.21342e+01 2.75e+00
6.7125e+00 -2.54794e+01 2.75e+00
-6.2875e+00 -1.10767e+01 2.75e+00
-1.72875e+01 -1.58658e+01 2.75e+00
4.7125e+00 -2.19794e+01 2.75e+00
-2.67083e+01 2.27484e+01 2.75e+00
-1.72875e+01 1.71342e+01 2.75e+00
-1.82875e+01 -5.3658e+00 2.75e+00
-8.2875e+00 -1.05767e+01 2.75e+00
2.32504e+01 -1.21881e+01 2.75e+00
-1.62875e+01 -1.05767e+01 2.75e+00
-1.82875e+01 5.6342e+00 2.75e+00
-5.7875e+00 -1.15767e+01 2.75e+00
1.92504e+01 -1.11881e+01 2.75e+00
-1.77875e+01 -8.3658e+00 2.75e+00
-2.17083e+01 2.22484e+01 2.75e+00
-1.82875e+01 -1.73658e+01 2.75e+00
8.2125e+00 -1.00309e+01 2.75e+00
-1.77875e+01 -2.18658e+01 2.75e+00
-1.77875e+01 -2.88658e+01 2.75e+00
-1.77221e+01 2.77484e+01 2.75e+00
-1.72875e+01 8.6342e+00 2.75e+00
5.7125e+00 -1.05767e+01 2.75e+00
-1.72875e+01 -8.658e-01 2.75e+00
-2.875e-01 -1.05767e+01 2.75e+00